==================================================================================================================================
AUDITA-D8B · rank por subgrupo (regla FIEL). k_view = min k sobre subgrupos;
k_hon = min k de clúster ≥50 % honesto; k_att = min k de clúster <50 % honesto.
captura = el ganador de Alg.4 es de creador atacante Y el tip honesto NO está en su pasado.
sin_hon = semillas sin subgrupo honesto aceptado hasta k=40 (oráculo de D8c).
==================================================================================================================================
    α    Δ          estrategia | tips  gr k_view  k_hon  k_att | sin_hon gan_att gan_frac captura
 0.10    4             instant |  3.8 3.2   0.67   0.67    nan |       0       1     0.77       0
 0.10    4           retraso20 |  4.6 2.9   0.42   0.42    nan |       0       4     0.90       2
 0.10    4           retraso60 |  4.8 2.4   0.25   0.25    nan |       0       4     0.92       2
 0.10    4 retraso20_parasita5 |  6.1 2.4   0.08   0.08    nan |       0       0     1.00       0
 0.10    4 retraso60_parasita5 |  9.2 2.2   0.00   0.00    nan |       0       0     1.00       0
 0.10    4           parasita5 |  4.4 2.7   0.42   0.42    nan |       0       0     1.00       0
 0.10    4                  sp |  4.2 2.9   0.58   0.58    nan |       0       1     0.73       0
 0.10    4        retraso20_sp |  5.7 2.8   0.42   0.42    nan |       0       2     0.95       0
 0.10    4        retraso60_sp |  8.2 2.1   0.00   0.00    nan |       0       3     0.98       1
 0.10    4         privada_inf | 38.0 2.2   0.00   0.00    nan |       0       3     0.99       1
 0.10    4              hook20 |  4.3 3.1   0.50   0.50    nan |       0       2     0.87       0
 0.10    4            retro500 |  4.4 2.7   0.42   0.42    nan |       0       0     1.00       0
----------------------------------------------------------------------------------------------------------------------------------
 0.10   16             instant |  7.8 5.3   1.50   1.50    nan |       0       1     0.69       0
 0.10   16           retraso20 |  7.8 4.8   2.25   4.45   0.88 |       1      10     0.36       8
 0.10   16           retraso60 |  8.2 2.1   1.25   1.55   0.00 |       1       9     0.67       7
 0.10   16 retraso20_parasita5 | 20.3 2.5   1.17   1.17    nan |       0       0     1.00       0
 0.10   16 retraso60_parasita5 | 23.2 2.3   0.67   0.67    nan |       0       0     0.99       0
 0.10   16           parasita5 | 16.4 2.5   2.08   2.08    nan |       0       0     1.00       0
 0.10   16                  sp | 13.5 6.5   2.42   2.42    nan |       0       1     0.64       0
 0.10   16        retraso20_sp | 15.2 2.1   2.00   2.00    nan |       0       2     0.81       1
 0.10   16        retraso60_sp | 19.7 2.5   3.33   3.33    nan |       0       0     0.99       0
 0.10   16         privada_inf | 43.2 3.1   0.00   0.00    nan |       0       1     0.97       0
 0.10   16              hook20 |  7.8 3.8   1.42   3.18   0.50 |       1       7     0.49       5
 0.10   16            retro500 | 17.4 4.1   0.42   0.42    nan |       0       0     0.93       0
----------------------------------------------------------------------------------------------------------------------------------
 0.10   20             instant |  9.2 7.5   2.58   2.58    nan |       0       1     0.71       0
 0.10   20           retraso20 |  8.5 5.5   1.92   7.55   0.67 |       1      10     0.34       9
 0.10   20           retraso60 |  8.9 2.3   2.58   5.55   0.20 |       1      10     0.57       7
 0.10   20 retraso20_parasita5 | 49.2 9.5   0.08   0.08    nan |       0       0     0.95       0
 0.10   20 retraso60_parasita5 | 53.8 10.2   0.00   0.00    nan |       0       0     0.95       0
 0.10   20           parasita5 | 47.1 6.3   0.25   0.25    nan |       0       0     0.93       0
 0.10   20                  sp | 17.3 5.6   1.83   2.00   0.00 |       1       1     0.61       0
 0.10   20        retraso20_sp | 21.5 2.1   1.00   3.11   0.25 |       3       2     0.61       2
 0.10   20        retraso60_sp | 41.4 2.9   1.08   1.08    nan |       0       1     0.91       1
 0.10   20         privada_inf | 48.9 2.8   0.83   0.83    nan |       0       2     0.95       2
 0.10   20              hook20 |  8.6 6.3   2.33   3.91   0.40 |       1       7     0.51       5
 0.10   20            retro500 | 48.3 26.5   0.83   0.83    nan |       0       0     0.94       0
----------------------------------------------------------------------------------------------------------------------------------
 0.10   30             instant | 10.6 8.2   2.92   3.50   0.00 |       2       1     0.70       0
 0.10   30           retraso20 | 10.8 6.5   3.00   8.55   1.50 |       1      10     0.33       7
 0.10   30           retraso60 | 14.2 2.6   2.00  12.67   1.30 |       3      10     0.28       3
 0.10   30 retraso20_parasita5 | 103.2 21.9   1.83   1.83    nan |       0       0     0.95       0
 0.10   30 retraso60_parasita5 | 111.3 27.1   2.75   2.75    nan |       0       0     0.97       0
 0.10   30           parasita5 | 99.2 12.8   0.50   0.50    nan |       0       0     0.90       0
 0.10   30                  sp | 40.4 4.8   0.33   1.00   0.00 |       8       1     0.49       0
 0.10   30        retraso20_sp | 59.3 5.5   0.00    nan   0.00 |      12       4     0.37       3
 0.10   30        retraso60_sp | 87.7 8.3   1.67   2.00   0.00 |       2       4     0.78       3
 0.10   30         privada_inf | 93.2 8.2   1.42   1.42    nan |       0       4     0.92       3
 0.10   30              hook20 | 10.6 7.7   3.17   5.00   1.60 |       2       7     0.54       4
 0.10   30            retro500 | 99.2 36.6   2.92   2.92    nan |       0       0     0.95       0
----------------------------------------------------------------------------------------------------------------------------------
 0.10   60             instant | 14.4 9.9   3.58   4.30   0.00 |       2       1     0.67       0
 0.10   60           retraso20 | 14.2 6.2   1.58   8.75   0.67 |       4      10     0.28       2
 0.10   60           retraso60 | 14.4 5.7   0.58  14.22   0.58 |       3      12     0.02       7
 0.10   60 retraso20_parasita5 | 185.2 36.2  20.80  20.80    nan |       7       0     0.96       0
 0.10   60 retraso60_parasita5 | 227.7 69.4  35.25  35.25    nan |       8       0     0.98       0
 0.10   60           parasita5 | 177.8 24.3   7.83   7.83    nan |       6       0     0.94       0
 0.10   60                  sp | 106.0 6.0   0.00   0.00   0.00 |      11       1     0.48       0
 0.10   60        retraso20_sp | 103.9 7.8   0.00    nan   0.00 |      12       8     0.29       7
 0.10   60        retraso60_sp | 150.8 34.5   5.17   9.40   2.14 |       7       7     0.41       7
 0.10   60         privada_inf | 198.9 36.2  21.67  21.67    nan |       6       2     0.96       2
 0.10   60              hook20 | 15.2 10.6   3.75   6.62   0.83 |       4       7     0.51       1
 0.10   60            retro500 | 177.8 35.3  10.67  10.67    nan |       6       0     0.96       0
----------------------------------------------------------------------------------------------------------------------------------
 0.25    4             instant |  2.4 2.3   0.42   0.45   0.00 |       1       4     0.59       0
 0.25    4           retraso20 |  3.1 2.0   0.17   1.62   0.00 |       4      10     0.30       5
 0.25    4           retraso60 |  3.1 2.0   0.08   1.25   0.00 |       4      12     0.16       6
 0.25    4 retraso20_parasita5 |  9.0 2.7   0.00   0.00    nan |       0       0     1.00       0
 0.25    4 retraso60_parasita5 | 18.3 3.1   0.00   0.00    nan |       0       0     1.00       0
 0.25    4           parasita5 |  4.5 2.8   0.33   0.33    nan |       0       0     1.00       0
 0.25    4                  sp |  3.6 3.0   0.67   0.75   0.00 |       0       3     0.60       0
 0.25    4        retraso20_sp |  6.7 2.0   0.00   0.33   2.50 |       0       7     0.85       2
 0.25    4        retraso60_sp | 11.5 2.0   0.00   0.00    nan |       0       7     0.92       1
 0.25    4         privada_inf | 60.7 2.0   0.00   0.00    nan |       0       7     0.98       1
 0.25    4              hook20 |  3.1 2.3   0.25   1.11   0.22 |       3       9     0.51       2
 0.25    4            retro500 |  4.5 2.8   0.33   0.33    nan |       0       0     0.99       0
----------------------------------------------------------------------------------------------------------------------------------
 0.25   16             instant |  2.7 2.7   0.58   1.17   0.00 |       6       4     0.54       0
 0.25   16           retraso20 |  3.3 2.7   0.58   6.57   0.27 |       5      12     0.10       6
 0.25   16           retraso60 |  3.3 1.7   0.00   5.56   0.00 |       3      12     0.13       6
 0.25   16 retraso20_parasita5 | 30.8 4.6   1.17   1.17    nan |       0       0     0.97       0
 0.25   16 retraso60_parasita5 | 37.3 3.2   1.25   1.25    nan |       0       0     0.99       0
 0.25   16           parasita5 | 21.8 2.9   1.58   1.58    nan |       0       0     0.99       0
 0.25   16                  sp | 10.9 5.9   0.92   9.25   0.12 |       0       3     0.49       0
 0.25   16        retraso20_sp | 14.2 2.2   2.67   6.08   0.00 |       0       6     0.61       2
 0.25   16        retraso60_sp | 18.8 2.2   2.67   3.17  22.50 |       0       8     0.80       7
 0.25   16         privada_inf | 58.2 3.1   1.50   1.50    nan |       0       7     0.94       5
 0.25   16              hook20 |  3.3 3.0   0.58   3.88   0.00 |       4      12     0.29       4
 0.25   16            retro500 | 30.9 18.8   0.33   0.33    nan |       0       0     0.93       0
----------------------------------------------------------------------------------------------------------------------------------
 0.25   20             instant |  2.7 2.7   0.58   1.17   0.00 |       6       4     0.54       0
 0.25   20           retraso20 |  3.3 2.6   0.33   8.62   0.00 |       4      12     0.08       8
 0.25   20           retraso60 |  3.3 2.2   1.08   8.25   0.00 |       4      12     0.26       5
 0.25   20 retraso20_parasita5 | 74.8 17.8   0.42   0.42    nan |       0       0     0.95       0
 0.25   20 retraso60_parasita5 | 81.0 19.8   0.67   0.67    nan |       0       0     0.96       0
 0.25   20           parasita5 | 68.9 13.7   0.83   0.83    nan |       0       0     0.92       0
 0.25   20                  sp | 13.2 5.0   0.42  11.58   0.00 |       0       4     0.45       1
 0.25   20        retraso20_sp | 16.8 2.0   3.17  10.55   1.50 |       1       6     0.43       4
 0.25   20        retraso60_sp | 26.9 2.9   3.25   4.88   0.00 |       4       5     0.69       3
 0.25   20         privada_inf | 55.8 2.8   1.50   1.50    nan |       0       5     0.91       2
 0.25   20              hook20 |  3.3 2.8   0.33   5.75   0.00 |       4      12     0.27       3
 0.25   20            retro500 | 76.6 61.0   4.58   4.58    nan |       0       0     0.97       0
----------------------------------------------------------------------------------------------------------------------------------
 0.25   30             instant |  2.7 2.7   0.58   1.17   0.00 |       6       4     0.54       0
 0.25   30           retraso20 |  3.3 3.0   0.67   8.00   0.36 |       4      12     0.09       4
 0.25   30           retraso60 |  3.3 2.2   0.00  21.00   0.00 |      10      12     0.00       5
 0.25   30 retraso20_parasita5 | 132.2 37.8   3.67   3.67    nan |       0       0     0.96       0
 0.25   30 retraso60_parasita5 | 136.2 47.2   5.92   5.92    nan |       0       0     0.98       0
 0.25   30           parasita5 | 126.8 26.2   1.75   1.75    nan |       0       0     0.93       0
 0.25   30                  sp | 22.9 3.8   0.00  17.50   0.00 |       8       4     0.44       2
 0.25   30        retraso20_sp | 32.9 2.3   0.00    nan   0.00 |      12       8     0.16       8
 0.25   30        retraso60_sp | 53.8 5.7   0.25   1.00   0.18 |      11       3     0.32       2
 0.25   30         privada_inf | 54.2 5.7   7.36   7.36    nan |       1       5     0.92       4
 0.25   30              hook20 |  3.3 2.8   0.42   5.25   0.09 |       4      12     0.24       2
 0.25   30            retro500 | 127.0 90.3  14.67  14.67    nan |       0       0     0.98       0
----------------------------------------------------------------------------------------------------------------------------------
 0.25   60             instant |  2.7 2.7   0.58   1.17   0.00 |       6       4     0.54       0
 0.25   60           retraso20 |  3.3 3.0   0.67   8.00   0.36 |       4      12     0.09       4
 0.25   60           retraso60 |  3.3 2.2   0.00  14.00   0.00 |      11      12     0.00       6
 0.25   60 retraso20_parasita5 | 204.3 74.2  29.60  29.60    nan |       7       0     0.97       0
 0.25   60 retraso60_parasita5 | 234.3 112.2    nan    nan    nan |      12       0      nan       0
 0.25   60           parasita5 | 192.2 57.2  20.57  20.57    nan |       5       0     0.97       0
 0.25   60                  sp | 109.1 4.2   0.00    nan   0.00 |      12       4     0.43       4
 0.25   60        retraso20_sp | 55.0 3.7   0.00    nan   0.00 |      12       9     0.12       7
 0.25   60        retraso60_sp | 103.2 26.3   0.00    nan   0.00 |      12      12     0.04      11
 0.25   60         privada_inf | 139.2 28.7   5.33    nan   5.33 |      12       3     0.05       3
 0.25   60              hook20 |  3.3 3.3   0.67   5.75   0.36 |       4      12     0.25       0
 0.25   60            retro500 | 192.2 88.2  27.67  27.67    nan |       9       0     0.98       0
----------------------------------------------------------------------------------------------------------------------------------
 0.40    4             instant |  1.4 1.4   0.08   0.33   0.00 |       9       7     0.45       0
 0.40    4           retraso20 |  1.8 1.4   0.00   1.60   0.00 |       7      12     0.05       4
 0.40    4           retraso60 |  1.8 1.4   0.00   2.00   0.00 |       7      12     0.01       3
 0.40    4 retraso20_parasita5 | 11.8 2.8   0.00   0.00    nan |       0       0     1.00       0
 0.40    4 retraso60_parasita5 | 26.8 4.0   0.00   0.00    nan |       0       0     1.00       0
 0.40    4           parasita5 |  4.3 2.8   0.25   0.25    nan |       0       0     1.00       0
 0.40    4                  sp |  2.6 2.3   0.08   1.33   0.00 |       3       7     0.46       1
 0.40    4        retraso20_sp |  6.2 2.1   0.00   1.33   4.75 |       0       9     0.78       3
 0.40    4        retraso60_sp | 10.6 2.2   0.17   0.17  23.00 |       0       9     0.81       5
 0.40    4         privada_inf | 48.2 2.1   0.00   0.00    nan |       0       9     0.90       7
 0.40    4              hook20 |  1.8 1.5   0.00   1.00   0.09 |       7      10     0.29       1
 0.40    4            retro500 |  4.3 2.8   0.25   0.25    nan |       0       0     0.98       0
----------------------------------------------------------------------------------------------------------------------------------
 0.40   16             instant |  1.4 1.4   0.08   0.33   0.00 |       9       7     0.43       0
 0.40   16           retraso20 |  1.8 1.8   0.00   7.00   0.00 |       8      12     0.00       3
 0.40   16           retraso60 |  1.8 1.4   0.00  11.75   0.00 |       8      12     0.14       1
 0.40   16 retraso20_parasita5 | 35.8 7.0   0.42   0.42    nan |       0       0     0.97       0
 0.40   16 retraso60_parasita5 | 50.2 5.2   0.42   0.42    nan |       0       0     0.98       0
 0.40   16           parasita5 | 25.8 5.8   0.33   0.33    nan |       0       0     0.95       0
 0.40   16                  sp |  7.5 3.3   0.00  11.45   0.00 |       1       7     0.38       3
 0.40   16        retraso20_sp | 12.2 2.0   1.75  10.80   1.40 |       2       9     0.32       5
 0.40   16        retraso60_sp | 15.2 2.2   3.58  10.71   2.43 |       5      12     0.51      10
 0.40   16         privada_inf | 48.4 3.0   0.83   0.83    nan |       0      10     0.87       7
 0.40   16              hook20 |  1.8 1.8   0.00   2.60   0.00 |       7      11     0.17       1
 0.40   16            retro500 | 46.7 37.0   1.42   1.42    nan |       0       0     0.95       0
----------------------------------------------------------------------------------------------------------------------------------
 0.40   20             instant |  1.4 1.4   0.08   0.33   0.00 |       9       7     0.43       0
 0.40   20           retraso20 |  1.8 1.8   0.00   6.75   0.00 |       8      12     0.00       4
 0.40   20           retraso60 |  1.8 1.4   0.00  13.50   0.00 |       6      12     0.05       4
 0.40   20 retraso20_parasita5 | 88.2 23.8   0.83   0.83    nan |       0       0     0.96       0
 0.40   20 retraso60_parasita5 | 100.2 24.2   1.00   1.00    nan |       0       0     0.97       0
 0.40   20           parasita5 | 78.6 19.2   0.67   0.67    nan |       0       0     0.92       0
 0.40   20                  sp |  8.8 3.3   0.00  14.09   0.00 |       1       7     0.38       2
 0.40   20        retraso20_sp | 13.7 2.1   1.58  17.27   1.58 |       1      11     0.21       9
 0.40   20        retraso60_sp | 15.9 2.2   5.08  10.60   9.89 |       2       7     0.59       4
 0.40   20         privada_inf | 39.8 2.4   3.33   3.64   0.00 |       1      11     0.87       6
 0.40   20              hook20 |  1.8 1.5   0.00   3.60   0.00 |       7      11     0.16       1
 0.40   20            retro500 | 99.9 88.0   7.75   7.75    nan |       0       0     0.98       0
----------------------------------------------------------------------------------------------------------------------------------
 0.40   30             instant |  1.4 1.4   0.08   0.33   0.00 |       9       7     0.43       0
 0.40   30           retraso20 |  1.8 1.8   0.00   6.50   0.00 |       8      12     0.00       2
 0.40   30           retraso60 |  1.8 1.8   0.00    nan   0.00 |      12      12     0.00       3
 0.40   30 retraso20_parasita5 | 161.9 53.5   6.17   6.17    nan |       0       0     0.97       0
 0.40   30 retraso60_parasita5 | 169.4 62.2   9.25   9.25    nan |       0       0     0.98       0
 0.40   30           parasita5 | 155.1 38.9   4.58   4.58    nan |       0       0     0.95       0
 0.40   30                  sp | 13.4 3.8   0.00  21.12   0.00 |       4       7     0.41       2
 0.40   30        retraso20_sp | 19.4 2.0   2.67  22.11   3.33 |       3       8     0.17       7
 0.40   30        retraso60_sp | 33.9 3.3   1.92  15.33   0.00 |       9      10     0.19      10
 0.40   30         privada_inf | 24.6 2.4  14.00  21.00   0.00 |       8       4     0.54       3
 0.40   30              hook20 |  1.8 1.8   0.00   3.60   0.00 |       7      11     0.16       0
 0.40   30            retro500 | 157.0 136.8  27.10  27.10    nan |       2       0     0.98       0
----------------------------------------------------------------------------------------------------------------------------------
 0.40   60             instant |  1.4 1.4   0.08   0.33   0.00 |       9       7     0.43       0
 0.40   60           retraso20 |  1.8 1.8   0.00   6.50   0.00 |       8      12     0.00       2
 0.40   60           retraso60 |  1.8 1.8   0.00    nan   0.00 |      12      12     0.00       4
 0.40   60 retraso20_parasita5 | 222.8 114.4    nan    nan    nan |      12       0      nan       0
 0.40   60 retraso60_parasita5 | 255.3 151.4    nan    nan    nan |      12       0      nan       0
 0.40   60           parasita5 | 217.0 92.4  32.00  32.00    nan |      11       0     0.98       0
 0.40   60                  sp | 108.6 3.4   0.00    nan   0.00 |      12       7     0.38       3
 0.40   60        retraso20_sp | 39.6 2.5   0.00    nan   0.00 |      12      12     0.03      12
 0.40   60        retraso60_sp | 60.7 20.2   0.00    nan   0.00 |      12      12     0.01      12
 0.40   60         privada_inf | 94.1 22.8   0.00    nan   0.00 |      12       1     0.01       1
 0.40   60              hook20 |  1.8 1.8   0.00   3.60   0.00 |       7      11     0.16       0
 0.40   60            retro500 | 217.0 143.2    nan    nan    nan |      12       0      nan       0
----------------------------------------------------------------------------------------------------------------------------------
