=== A2 · barrido en f_v de la variante (ii) 'filtro', horizonte largo ===
k=30, mp=15, lambda=1.0, horizonte 2400 s, eclipse en t=300 s, regimen desde t=600 s, 12 semillas.

 paso   f_v  alpha |   n_V    med S=4   med S=20   med S=30  med S=150 |    cer S=4   cer S=20   cer S=30  cer S=150 |  tasa_obs  rojo_V
 1.00  0.01   0.00 |   221     0.6561     0.0000     0.0000     0.0000 |     0.0187     0.0000     0.0000     0.0000 |    0.9852  0.0000
 1.00  0.01   0.10 |   179     0.4581     0.0000     0.0000     0.0000 |     0.0185     0.0000     0.0000     0.0000 |    0.9875  0.0056
 1.00  0.01   0.33 |   139     0.1727     0.0000     0.0000     0.0000 |     0.0184     0.0000     0.0000     0.0000 |    0.9891  0.0000
 1.00  0.05   0.00 |  1083     0.5799     0.0000     0.0000     0.0000 |     0.0187     0.0000     0.0000     0.0000 |    0.9454  0.0009
 1.00  0.05   0.10 |  1001     0.4206     0.0000     0.0000     0.0000 |     0.0184     0.0000     0.0000     0.0000 |    0.9495  0.0020
 1.00  0.05   0.33 |   681     0.1468     0.0000     0.0000     0.0000 |     0.0173     0.0000     0.0000     0.0000 |    0.9641  0.0029
 1.00  0.09   0.00 |  1900     0.5126     0.0000     0.0000     0.0000 |     0.0185     0.0000     0.0000     0.0000 |    0.9075  0.0011
 1.00  0.09   0.10 |  1703     0.3664     0.0000     0.0000     0.0000 |     0.0178     0.0000     0.0000     0.0000 |    0.9168  0.0000
 1.00  0.09   0.33 |  1287     0.1608     0.0000     0.0000     0.0000 |     0.0165     0.0000     0.0000     0.0000 |    0.9360  0.0000
 1.00  0.20   0.00 |  4409     0.3073     0.0000     0.0000     0.0000 |     0.0190     0.0000     0.0000     0.0000 |    0.7913  0.0007
 1.00  0.20   0.10 |  3917     0.2479     0.0000     0.0000     0.0000 |     0.0173     0.0000     0.0000     0.0000 |    0.8142  0.0010
 1.00  0.20   0.33 |  2815     0.1218     0.0000     0.0000     0.0000 |     0.0141     0.0000     0.0000     0.0000 |    0.8655  0.0007
 0.00  0.01   0.00 |   190     0.9737     0.8263     0.7421     0.2421 |     0.9608     0.8187     0.7408     0.2231 |    0.0000  1.0000
 0.00  0.01   0.10 |   198     0.6111     0.1061     0.0556     0.0000 |     0.6400     0.1074     0.0352     0.0000 |    0.1016  0.0404
 0.00  0.01   0.33 |   156     0.2564     0.0000     0.0000     0.0000 |     0.2540     0.0011     0.0000     0.0000 |    0.3326  0.0000
 0.00  0.05   0.00 |  1073     0.7996     0.3653     0.2246     0.0009 |     0.8187     0.3679     0.2231     0.0006 |    0.0000  1.0000
 0.00  0.05   0.10 |  1004     0.5408     0.0498     0.0090     0.0000 |     0.5454     0.0482     0.0106     0.0000 |    0.1016  0.0359
 0.00  0.05   0.33 |   717     0.2078     0.0014     0.0000     0.0000 |     0.2165     0.0005     0.0000     0.0000 |    0.3326  0.0000
 0.00  0.09   0.00 |  1951     0.6489     0.1604     0.0661     0.0000 |     0.6977     0.1653     0.0672     0.0000 |    0.0000  1.0000
 0.00  0.09   0.10 |  1748     0.4342     0.0246     0.0046     0.0000 |     0.4647     0.0217     0.0032     0.0000 |    0.1016  0.0297
 0.00  0.09   0.33 |  1297     0.1850     0.0000     0.0000     0.0000 |     0.1845     0.0002     0.0000     0.0000 |    0.3326  0.0000
 0.00  0.20   0.00 |  4250     0.4172     0.0172     0.0014     0.0000 |     0.4493     0.0183     0.0025     0.0000 |    0.0000  1.0000
 0.00  0.20   0.10 |  3909     0.2806     0.0023     0.0003     0.0000 |     0.2993     0.0024     0.0001     0.0000 |    0.1016  0.0159
 0.00  0.20   0.33 |  2870     0.1261     0.0003     0.0000     0.0000 |     0.1188     0.0000     0.0000     0.0000 |    0.3326  0.0003

[17 s]
