=== A1c · el `delta` medido propagado al riesgo publicado ===
k=30, lambda=1, Dmax=4, ventaja inicial 3k=90 (Lema 10), I=4200 s, F=19080 s (5.3 h), 7509 epocas/ano.

 alpha    delta     fuente |   rev. 600 s   p_F por epoca   union 10 anos       r
  0.00   0.0000     MEDIDO |    0.000e+00       0.000e+00       0.000e+00   0.000
  0.00   0.2105     Lema 9 |    0.000e+00       0.000e+00       0.000e+00   0.000
  0.00   0.2670 delta_real |    0.000e+00       0.000e+00       0.000e+00   0.000

  0.25   0.1544     MEDIDO |    3.009e-10      9.992e-284      7.502e-279   0.394
  0.25   0.2105     Lema 9 |    1.112e-07      7.390e-263      5.549e-258   0.422
  0.25   0.2670 delta_real |    1.893e-05      2.769e-240      2.079e-235   0.455

  0.30   0.2079     MEDIDO |    3.033e-03      1.863e-187      1.399e-182   0.541
  0.30   0.2105     Lema 9 |    3.489e-03      1.861e-186      1.397e-181   0.543
  0.30   0.2670 delta_real |    4.741e-02      6.974e-164      5.236e-159   0.585

  0.33   0.2867     MEDIDO |    5.538e-01      2.743e-108      2.059e-103   0.691
  0.33   0.2105     Lema 9 |    1.077e-01      3.638e-144      2.732e-139   0.624
  0.33   0.2670 delta_real |    4.097e-01      1.363e-121      1.024e-116   0.672

  0.35   0.3065     MEDIDO |    9.280e-01       5.391e-50       4.048e-45   0.776
  0.35   0.2105     Lema 9 |    3.926e-01      4.590e-117      3.446e-112   0.682
  0.35   0.2670 delta_real |    7.671e-01       6.826e-77       5.125e-72   0.735

  0.37   0.3448     MEDIDO |    9.993e-01       2.396e-09       1.799e-04   0.896
  0.37   0.2105     Lema 9 |    7.559e-01       2.020e-74       1.517e-69   0.744
  0.37   0.2670 delta_real |    9.546e-01       6.852e-40       5.145e-35   0.801

  0.40   0.4366     MEDIDO |    1.000e+00       1.959e-10       1.471e-05   1.183
  0.40   0.2105     Lema 9 |    9.845e-01       1.675e-24       1.258e-19   0.844
  0.40   0.2670 delta_real |    9.993e-01       1.057e-07       7.940e-03   0.910

  0.45   0.5834     MEDIDO |    1.000e+00       0.000e+00       0.000e+00   1.964
  0.45   0.2105     Lema 9 |    1.000e+00       8.165e-01       1.000e+00   1.036
  0.45   0.2670 delta_real |    1.000e+00       6.763e-05       1.000e+00   1.116

