P_terminal(T), P_first_passage(≤T), P_eventual — objetos separados
z0  T     alpha  terminal        paso            eventual        cota_terminal
 4   20  0.2    1.516284e-05  9.603360e-04  9.765625e-04  (1.516e-05,1.516e-05)
 4   20  0.4    2.102893e-02  7.579672e-02  1.316872e-01  (2.103e-02,2.103e-02)
 4  100  0.2    2.701055e-13  9.765625e-04  9.765625e-04  (2.701e-13,2.701e-13)
 4  100  0.4    5.760648e-03  1.290477e-01  1.316872e-01  (5.761e-03,5.761e-03)
 4  400  0.2    1.350598e-42  9.765625e-04  9.765625e-04  (1.351e-42,1.351e-42)
 4  400  0.4    8.767230e-06  1.316862e-01  1.316872e-01  (8.767e-06,8.767e-06)
 8   20  0.2    1.802764e-07  3.248086e-06  3.814697e-06  (1.803e-07,1.803e-07)
 8   20  0.4    1.611525e-03  4.878642e-03  2.601229e-02  (1.612e-03,1.612e-03)
 8  100  0.2    1.203814e-14  3.814697e-06  3.814697e-06  (1.204e-14,1.204e-14)
 8  100  0.4    1.710927e-03  2.431326e-02  2.601229e-02  (1.711e-03,1.711e-03)
 8  400  0.2    7.745387e-44  3.814697e-06  3.814697e-06  (7.745e-44,7.745e-44)
 8  400  0.4    3.483230e-06  2.601151e-02  2.601229e-02  (3.483e-06,3.483e-06)

alpha_prob por evento (d=4, p0=0.05, T=100):
  terminal → (:cruce, 0.44308531284332275, 0.44308537244796753)
  paso → (:cruce, 0.35461628437042236, 0.35461634397506714)
  eventual → (:cruce, 0.3545389771461487, 0.35453903675079346)
