======================================================================================================================
CONTROL C1 (9c §E.1) — tope de ventaja SIN (h) y tiempo de bootstrap, MEDIDO
  cerrado de 9c: L + I - W_dec = 23130 slots  [IDENTICO a 23 130]
   rho |   9c: tope/(rho-1) |  MEDIDO: llegar a 0,9 L  cerrado 0,9L/(rho-1)  razon |  tope simulado
  1.01 |           642.5 h |               477.06 h              477.00 h  1.000 |      19122 sl
  1.05 |           128.5 h |                95.56 h               95.40 h  1.002 |      19280 sl
  1.15 |            42.8 h |                32.46 h               31.80 h  1.021 |      19628 sl
  1.50 |            12.8 h |                10.11 h                9.54 h  1.060 |      20480 sl
  3.00 |             3.2 h |                 2.72 h                2.38 h  1.141 |      21880 sl
  El bootstrap es `x/(rho-1)` con `x` la ventaja objetivo: reproducido con razon 1,00-1,02.
  Los numeros de 9c son ese mismo cerrado con x = L + I - W_dec (el tope de 9c).
======================================================================================================================
CONTROL C2 (ronda 7, dag-poas-ancla-de-finalidad.md:319-322) — «reduce el lookahead
            de L + I(1-1/v) a (L + I)(1-1/v)». Mi recursion no programa esas formas.
 L (h)     I   rho |  sim SIN (h)  L+I(1-1/v)   raz. |  sim CON (h)  (L+I)(1-1/v)   raz.
  2.00   851  1.05 |         7241        7241  1.000 |          383           383  1.000
  2.00   851  1.20 |         7342        7342  1.000 |         1342          1342  1.000
  2.00   851  1.50 |         7484        7484  1.000 |         2684          2684  1.000
  2.00   851  2.00 |         7626        7626  1.000 |         4026          4026  1.000
  2.00   851  3.00 |         7767        7767  1.000 |         5367          5367  1.000
  1.00   851  1.05 |         3641        3641  1.000 |          212           212  1.000
  1.00   851  1.20 |         3742        3742  1.000 |          742           742  1.000
  1.00   851  1.50 |         3884        3884  1.000 |         1484          1484  1.000
  1.00   851  2.00 |         4026        4026  1.000 |         2226          2226  1.000
  1.00   851  3.00 |         4167        4167  1.000 |         2967          2967  1.000
  5.30  4200  1.05 |        19280       19280  1.000 |         1109          1109  1.000
  5.30  4200  1.20 |        19780       19780  1.000 |         3880          3880  1.000
  5.30  4200  1.50 |        20480       20480  1.000 |         7760          7760  1.000
  5.30  4200  2.00 |        21180       21180  1.000 |        11640         11640  1.000
  5.30  4200  3.00 |        21880       21880  1.000 |        15520         15520  1.000
  W_dec = 0 (fila alpha = 0 de 9c: W_dec = -1, no hay decision que tomar).
======================================================================================================================
CONTROL C3 (9c hallazgo E1) — SIN (h): rho <= 1 => steering 0; rho > 1 => steering
  `rho > 1` es ASINTOTICO: con horizonte finito T el bootstrap L/(rho-1) tiene que caber.
 L (h)     I  alpha |  rho = 1    1,001     1,01     1,05      1,2      2,0 |  horizonte simulado
  2.00   851   0.10 |    0.000    0.000    0.822    0.838    0.841    0.851 |             39.4 d
  2.00   851   0.33 |    0.000    0.000    0.961    0.977    0.978    0.979 |             39.4 d
  2.00   851   0.40 |    0.000    0.000    0.984    1.000    1.000    1.000 |             39.4 d
  5.30  4200   0.10 |    0.000    0.000    0.836    0.838    0.841    0.851 |            194.4 d
  5.30  4200   0.33 |    0.000    0.000    0.977    0.977    0.978    0.979 |            194.4 d
  5.30  4200   0.40 |    0.000    0.000    1.000    1.000    1.000    1.000 |            194.4 d
======================================================================================================================
B.1.a — UMBRAL rho* DE STEERING SISTEMATICO CON (h) (> 50 % de las epocas), 14 semillas
        cerrados de D8: cadena comun (L+I)/(I+W)  ·  entropia propia (L+qI)/(qI+W)
                        entropia ajena L/W  <- la cota del encargo, `L/W_dec`
 L (h)     I  alpha  W_dec |      rho* candidato propio  cerrado |   rho* candidato ajeno  cerrado |  L/W_dec
  2.00   851   0.00     -1 |            nan [   nan,   nan]     9.47 |         nan [  nan,  nan]      inf |      inf
  2.00   851   0.10     10 |           9.39 [  9.39,  9.39]     9.35 |         nan [  nan,  nan]    720.0 |    720.0
  2.00   851   0.25     20 |           9.28 [  9.28,  9.29]     9.24 |       438.8 [  433,  446]    360.0 |    360.0
  2.00   851   0.33     20 |           9.28 [  9.28,  9.29]     9.24 |       438.8 [  433,  446]    360.0 |    360.0
  2.00   851   0.40     45 |           9.02 [  9.02,  9.03]     8.99 |       173.9 [  173,  175]    160.0 |    160.0
  2.00   300   0.00     -1 |            nan [   nan,   nan]    25.08 |         nan [  nan,  nan]      inf |      inf
  2.00   300   0.10     10 |          24.48 [ 24.46, 24.50]    24.19 |         nan [  nan,  nan]    720.0 |    720.0
  2.00   300   0.25     20 |          23.71 [ 23.69, 23.73]    23.44 |       438.8 [  433,  446]    360.0 |    360.0
  2.00   300   0.33     20 |          23.71 [ 23.69, 23.73]    23.44 |       438.8 [  433,  446]    360.0 |    360.0
  2.00   300   0.40     45 |          21.97 [ 21.96, 21.99]    21.74 |       173.9 [  173,  175]    160.0 |    160.0
  1.00   851   0.00     -1 |            nan [   nan,   nan]     5.24 |         nan [  nan,  nan]      inf |      inf
  1.00   851   0.10     10 |           5.19 [  5.19,  5.19]     5.17 |       561.8 [  542,  585]    360.0 |    360.0
  1.00   851   0.25     20 |           5.13 [  5.13,  5.13]     5.11 |       219.4 [  216,  223]    180.0 |    180.0
  1.00   851   0.33     20 |           5.13 [  5.13,  5.13]     5.11 |       219.4 [  216,  223]    180.0 |    180.0
  1.00   851   0.40     45 |           4.99 [  4.99,  4.99]     4.97 |        87.0 [   86,   88]     80.0 |     80.0
  1.00   300   0.00     -1 |            nan [   nan,   nan]    13.04 |         nan [  nan,  nan]      inf |      inf
  1.00   300   0.10     10 |          12.73 [ 12.72, 12.74]    12.58 |       561.8 [  542,  585]    360.0 |    360.0
  1.00   300   0.25     20 |          12.33 [ 12.32, 12.34]    12.19 |       219.4 [  216,  223]    180.0 |    180.0
  1.00   300   0.33     20 |          12.33 [ 12.32, 12.34]    12.19 |       219.4 [  216,  223]    180.0 |    180.0
  1.00   300   0.40     45 |          11.43 [ 11.42, 11.44]    11.30 |        87.0 [   86,   88]     80.0 |     80.0
        (p_propia = 0 en esta tabla: el atacante NO ancla ninguna epoca; se mide solo
         si podria evaluar un candidato propio en la epoca que decide.)
======================================================================================================================
B.1.b — DESGLOSE: cual de las tres condiciones manda (W_dec = W_dec(0,33) = 20 s)
 L (h)     I  q=ceil(L/I) |  cadena comun  entr. propia  entr. ajena |  rho* propio  rho* ajeno
  2.00   851            9 |          9.24          1.94        360.0 |         9.24       360.0
  2.00   300           24 |         23.44          1.99        360.0 |        23.44       360.0
  1.00   851            5 |          5.11          1.84        180.0 |         5.11       180.0
  1.00   300           12 |         12.19          1.99        180.0 |        12.19       180.0
======================================================================================================================
B.1.c — EL RESIDUO POR RACHAS: p_propia = alpha, rho POR DEBAJO de rho*
        cerrado de D8: n* = ceil( ((L-W)*rho/(rho-1) - L)/I ),  tasa = alpha^(n*-1)
 L (h)     I  alpha   rho   n* |  tasa cerrada  tasa simulada (14 sem.)   razon |  epocas/ano
  2.00   851   0.00   1.0  inf |     0.000e+00        0.000e+00 [0.0e+00,0.0e+00]     nan |    0.00e+00
  2.00   851   0.00   1.5  inf |     0.000e+00        0.000e+00 [0.0e+00,0.0e+00]     nan |    0.00e+00
  2.00   851   0.00   2.0  inf |     0.000e+00        0.000e+00 [0.0e+00,0.0e+00]     nan |    0.00e+00
  2.00   851   0.00   2.5  inf |     0.000e+00        0.000e+00 [0.0e+00,0.0e+00]     nan |    0.00e+00
  2.00   851   0.00   3.0  inf |     0.000e+00        0.000e+00 [0.0e+00,0.0e+00]     nan |    0.00e+00
  2.00   851   0.00   5.0  inf |     0.000e+00        0.000e+00 [0.0e+00,0.0e+00]     nan |    0.00e+00
  2.00   851   0.00   9.0  inf |     0.000e+00        0.000e+00 [0.0e+00,0.0e+00]     nan |    0.00e+00
  2.00   851   0.10   1.0  inf |     0.000e+00        0.000e+00 [0.0e+00,0.0e+00]     nan |    0.00e+00
  2.00   851   0.10   1.5   17 |     1.000e-16        0.000e+00 [0.0e+00,0.0e+00]    0.00 |    3.71e-12
  2.00   851   0.10   2.0    9 |     1.000e-08        0.000e+00 [0.0e+00,0.0e+00]    0.00 |    3.71e-04
  2.00   851   0.10   2.5    6 |     1.000e-05        0.000e+00 [0.0e+00,0.0e+00]    0.00 |    3.71e-01
  2.00   851   0.10   3.0    5 |     1.000e-04        8.926e-05 [0.0e+00,6.2e-04]    0.89 |    3.71e+00
  2.00   851   0.10   5.0    3 |     1.000e-02        9.751e-03 [5.6e-03,1.4e-02]    0.98 |    3.71e+02
  2.00   851   0.10   9.0    2 |     1.000e-01        9.832e-02 [8.6e-02,1.1e-01]    0.98 |    3.71e+03
  2.00   851   0.25   1.0  inf |     0.000e+00        0.000e+00 [0.0e+00,0.0e+00]     nan |    0.00e+00
  2.00   851   0.25   1.5   17 |     2.328e-10        0.000e+00 [0.0e+00,0.0e+00]    0.00 |    8.63e-06
  2.00   851   0.25   2.0    9 |     1.526e-05        6.694e-05 [0.0e+00,9.4e-04]    4.39 |    5.65e-01
  2.00   851   0.25   2.5    6 |     9.766e-04        1.473e-03 [3.1e-04,3.4e-03]    1.51 |    3.62e+01
  2.00   851   0.25   3.0    5 |     3.906e-03        4.686e-03 [2.2e-03,7.5e-03]    1.20 |    1.45e+02
  2.00   851   0.25   5.0    3 |     6.250e-02        6.232e-02 [5.7e-02,6.8e-02]    1.00 |    2.32e+03
  2.00   851   0.25   9.0    2 |     2.500e-01        2.493e-01 [2.3e-01,2.6e-01]    1.00 |    9.26e+03
  2.00   851   0.33   1.0  inf |     0.000e+00        0.000e+00 [0.0e+00,0.0e+00]     nan |    0.00e+00
  2.00   851   0.33   1.5   17 |     1.978e-08        0.000e+00 [0.0e+00,0.0e+00]    0.00 |    7.33e-04
  2.00   851   0.33   2.0    9 |     1.406e-04        8.926e-05 [0.0e+00,9.4e-04]    0.63 |    5.21e+00
  2.00   851   0.33   2.5    6 |     3.914e-03        3.972e-03 [2.2e-03,7.2e-03]    1.01 |    1.45e+02
  2.00   851   0.33   3.0    5 |     1.186e-02        1.187e-02 [8.7e-03,1.8e-02]    1.00 |    4.39e+02
  2.00   851   0.33   5.0    3 |     1.089e-01        1.072e-01 [9.9e-02,1.2e-01]    0.98 |    4.04e+03
  2.00   851   0.33   9.0    2 |     3.300e-01        3.279e-01 [3.1e-01,3.4e-01]    0.99 |    1.22e+04
  2.00   851   0.40   1.0  inf |     0.000e+00        0.000e+00 [0.0e+00,0.0e+00]     nan |    0.00e+00
  2.00   851   0.40   1.5   17 |     4.295e-07        0.000e+00 [0.0e+00,0.0e+00]    0.00 |    1.59e-02
  2.00   851   0.40   2.0    9 |     6.554e-04        5.355e-04 [0.0e+00,1.9e-03]    0.82 |    2.43e+01
  2.00   851   0.40   2.5    6 |     1.024e-02        9.528e-03 [7.5e-03,1.3e-02]    0.93 |    3.79e+02
  2.00   851   0.40   3.0    5 |     2.560e-02        2.432e-02 [2.1e-02,3.0e-02]    0.95 |    9.49e+02
  2.00   851   0.40   5.0    3 |     1.600e-01        1.563e-01 [1.5e-01,1.7e-01]    0.98 |    5.93e+03
  2.00   851   0.40   9.0    1 |     1.000e+00        5.071e-01 [4.9e-01,5.2e-01]    0.51 |    3.71e+04
  1.00   851   0.00   1.0  inf |     0.000e+00        0.000e+00 [0.0e+00,0.0e+00]     nan |    0.00e+00
  1.00   851   0.00   1.5  inf |     0.000e+00        0.000e+00 [0.0e+00,0.0e+00]     nan |    0.00e+00
  1.00   851   0.00   2.0  inf |     0.000e+00        0.000e+00 [0.0e+00,0.0e+00]     nan |    0.00e+00
  1.00   851   0.00   2.5  inf |     0.000e+00        0.000e+00 [0.0e+00,0.0e+00]     nan |    0.00e+00
  1.00   851   0.00   3.0  inf |     0.000e+00        0.000e+00 [0.0e+00,0.0e+00]     nan |    0.00e+00
  1.00   851   0.00   5.0  inf |     0.000e+00        0.000e+00 [0.0e+00,0.0e+00]     nan |    0.00e+00
  1.00   851   0.00   9.0  inf |     0.000e+00        0.000e+00 [0.0e+00,0.0e+00]     nan |    0.00e+00
  1.00   851   0.10   1.0  inf |     0.000e+00        0.000e+00 [0.0e+00,0.0e+00]     nan |    0.00e+00
  1.00   851   0.10   1.5    9 |     1.000e-08        0.000e+00 [0.0e+00,0.0e+00]    0.00 |    3.71e-04
  1.00   851   0.10   2.0    5 |     1.000e-04        8.926e-05 [0.0e+00,6.2e-04]    0.89 |    3.71e+00
  1.00   851   0.10   2.5    3 |     1.000e-02        9.751e-03 [5.6e-03,1.4e-02]    0.98 |    3.71e+02
  1.00   851   0.10   3.0    3 |     1.000e-02        9.751e-03 [5.6e-03,1.4e-02]    0.98 |    3.71e+02
  1.00   851   0.10   5.0    2 |     1.000e-01        9.832e-02 [8.6e-02,1.1e-01]    0.98 |    3.71e+03
  1.00   851   0.10   9.0    1 |     1.000e+00        1.000e+00 [1.0e+00,1.0e+00]    1.00 |    3.71e+04
  1.00   851   0.25   1.0  inf |     0.000e+00        0.000e+00 [0.0e+00,0.0e+00]     nan |    0.00e+00
  1.00   851   0.25   1.5    9 |     1.526e-05        6.694e-05 [0.0e+00,9.4e-04]    4.39 |    5.65e-01
  1.00   851   0.25   2.0    5 |     3.906e-03        4.686e-03 [2.2e-03,7.5e-03]    1.20 |    1.45e+02
  1.00   851   0.25   2.5    3 |     6.250e-02        6.232e-02 [5.7e-02,6.8e-02]    1.00 |    2.32e+03
  1.00   851   0.25   3.0    3 |     6.250e-02        6.232e-02 [5.7e-02,6.8e-02]    1.00 |    2.32e+03
  1.00   851   0.25   5.0    2 |     2.500e-01        2.493e-01 [2.3e-01,2.6e-01]    1.00 |    9.26e+03
  1.00   851   0.25   9.0    1 |     1.000e+00        1.000e+00 [1.0e+00,1.0e+00]    1.00 |    3.71e+04
  1.00   851   0.33   1.0  inf |     0.000e+00        0.000e+00 [0.0e+00,0.0e+00]     nan |    0.00e+00
  1.00   851   0.33   1.5    9 |     1.406e-04        8.926e-05 [0.0e+00,9.4e-04]    0.63 |    5.21e+00
  1.00   851   0.33   2.0    5 |     1.186e-02        1.187e-02 [8.7e-03,1.8e-02]    1.00 |    4.39e+02
  1.00   851   0.33   2.5    3 |     1.089e-01        1.072e-01 [9.9e-02,1.2e-01]    0.98 |    4.04e+03
  1.00   851   0.33   3.0    3 |     1.089e-01        1.072e-01 [9.9e-02,1.2e-01]    0.98 |    4.04e+03
  1.00   851   0.33   5.0    2 |     3.300e-01        3.279e-01 [3.1e-01,3.4e-01]    0.99 |    1.22e+04
  1.00   851   0.33   9.0    1 |     1.000e+00        1.000e+00 [1.0e+00,1.0e+00]    1.00 |    3.71e+04
  1.00   851   0.40   1.0  inf |     0.000e+00        0.000e+00 [0.0e+00,0.0e+00]     nan |    0.00e+00
  1.00   851   0.40   1.5    9 |     6.554e-04        5.355e-04 [0.0e+00,1.9e-03]    0.82 |    2.43e+01
  1.00   851   0.40   2.0    5 |     2.560e-02        2.432e-02 [2.1e-02,3.0e-02]    0.95 |    9.49e+02
  1.00   851   0.40   2.5    3 |     1.600e-01        1.563e-01 [1.5e-01,1.7e-01]    0.98 |    5.93e+03
  1.00   851   0.40   3.0    3 |     1.600e-01        1.563e-01 [1.5e-01,1.7e-01]    0.98 |    5.93e+03
  1.00   851   0.40   5.0    1 |     1.000e+00        8.118e-01 [8.0e-01,8.3e-01]    0.81 |    3.71e+04
  1.00   851   0.40   9.0    1 |     1.000e+00        1.000e+00 [1.0e+00,1.0e+00]    1.00 |    3.71e+04
======================================================================================================================
B.1.d — SENSIBILIDAD al modelo del offset slot(I_j) - T_j y a p_propia
  modo  L (h)  alpha  p_propia |  rho* propio  cerrado |  tasa a rho=2,5   a rho=5
  cero   2.00   0.00      0.00 |          nan      nan |       0.000e+00 0.000e+00
  cero   2.00   0.10      0.00 |         9.35     9.35 |       0.000e+00 0.000e+00
  cero   2.00   0.10      0.10 |         9.35     9.35 |       0.000e+00 1.015e-02
  cero   2.00   0.33      0.00 |         9.24     9.24 |       0.000e+00 0.000e+00
  cero   2.00   0.33      0.33 |         9.24     9.24 |       3.436e-03 1.072e-01
  cero   2.00   0.40      0.00 |         8.99     8.99 |       0.000e+00 0.000e+00
  cero   2.00   0.40      0.40 |         8.99     8.99 |       9.885e-03 1.597e-01
  geom   2.00   0.00      0.00 |          nan      nan |       0.000e+00 0.000e+00
  geom   2.00   0.10      0.00 |         9.39     9.35 |       0.000e+00 0.000e+00
  geom   2.00   0.10      0.10 |         9.39     9.35 |       0.000e+00 9.751e-03
  geom   2.00   0.33      0.00 |         9.28     9.24 |       0.000e+00 0.000e+00
  geom   2.00   0.33      0.33 |         9.26     9.24 |       3.972e-03 1.072e-01
  geom   2.00   0.40      0.00 |         9.02     8.99 |       0.000e+00 0.000e+00
  geom   2.00   0.40      0.40 |         9.00     8.99 |       9.528e-03 1.563e-01
  unif   2.00   0.00      0.00 |          nan      nan |       0.000e+00 0.000e+00
  unif   2.00   0.10      0.00 |        10.27     9.35 |       0.000e+00 0.000e+00
  unif   2.00   0.10      0.10 |        10.18     9.35 |       0.000e+00 9.751e-03
  unif   2.00   0.33      0.00 |        10.14     9.24 |       0.000e+00 0.000e+00
  unif   2.00   0.33      0.33 |         9.71     9.24 |       3.972e-03 1.072e-01
  unif   2.00   0.40      0.00 |         9.83     8.99 |       0.000e+00 0.000e+00
  unif   2.00   0.40      0.40 |         9.29     8.99 |       9.528e-03 1.563e-01
======================================================================================================================
B.1.e — QUE COMPRA: n_eval medido (topado en I) y ganancia g = c_m*sqrt(alpha*lambda*n_eval)
        formula de la ronda 4, verificada por 9c §D.1 (razon 0,998-1,002 a m pequena)
 L (h)     I  alpha   rho |  n_ev propio  n_ev ajeno  n_ev sin (h) |  g propio  g ajeno  g sin (h) | g medio/epoca CON (h)   SIN (h)
  2.00   851   0.00   1.0 |         0.00        0.00          0.00 |    0.00%   0.00%     0.00% |   0.000%    0.000%
  2.00   851   0.00   1.2 |         0.00        0.00          0.00 |    0.00%   0.00%     0.00% |   0.000%    0.000%
  2.00   851   0.00   1.5 |         0.00        0.00          0.00 |    0.00%   0.00%     0.00% |   0.000%    0.000%
  2.00   851   0.00   2.0 |         0.00        0.00          0.00 |    0.00%   0.00%     0.00% |   0.000%    0.000%
  2.00   851   0.00   2.5 |         0.00        0.00          0.00 |    0.00%   0.00%     0.00% |   0.000%    0.000%
  2.00   851   0.00   3.0 |         0.00        0.00          0.00 |    0.00%   0.00%     0.00% |   0.000%    0.000%
  2.00   851   0.00   9.0 |         0.00        0.00          0.00 |    0.00%   0.00%     0.00% |   0.000%    0.000%
  2.00   851   0.00  45.0 |         0.00        0.00          0.00 |    0.00%   0.00%     0.00% |   0.000%    0.000%
  2.00   851   0.00 360.0 |         0.00        0.00          0.00 |    0.00%   0.00%     0.00% |   0.000%    0.000%
  2.00   851   0.10   1.0 |         0.00        0.00          0.00 |    0.00%   0.00%     0.00% |   0.000%    0.000%
  2.00   851   0.10   1.2 |         0.00        0.00          6.82 |    0.00%   0.00%     0.09% |   0.000%    0.495%
  2.00   851   0.10   1.5 |         0.00        0.00          8.52 |    0.00%   0.00%     0.10% |   0.000%    0.772%
  2.00   851   0.10   2.0 |         0.00        0.00         11.36 |    0.00%   0.00%     0.12% |   0.000%    1.039%
  2.00   851   0.10   2.5 |         0.00        0.00         14.20 |    0.00%   0.00%     0.13% |   0.000%    1.040%
  2.00   851   0.10   3.0 |         0.08        0.00         17.04 |    0.01%   0.00%     0.15% |   0.000%    1.040%
  2.00   851   0.10   9.0 |        83.67        0.00         51.13 |    0.33%   0.00%     0.25% |   0.102%    1.040%
  2.00   851   0.10  45.0 |       851.00        0.00        255.66 |    1.04%   0.00%     0.57% |   1.040%    1.040%
  2.00   851   0.10 360.0 |       851.00        0.00        704.86 |    1.04%   0.00%     0.95% |   1.040%    1.040%
  2.00   851   0.33   1.0 |         0.00        0.00          0.00 |    0.00%   0.00%     0.00% |   0.000%    0.000%
  2.00   851   0.33   1.2 |         0.00        0.00         18.13 |    0.00%   0.00%     0.28% |   0.000%    1.074%
  2.00   851   0.33   1.5 |         0.00        0.00         22.66 |    0.00%   0.00%     0.32% |   0.000%    1.594%
  2.00   851   0.33   2.0 |         0.06        0.00         30.21 |    0.02%   0.00%     0.37% |   0.000%    1.953%
  2.00   851   0.33   2.5 |         2.42        0.00         37.76 |    0.10%   0.00%     0.41% |   0.007%    1.953%
  2.00   851   0.33   3.0 |        10.10        0.00         45.32 |    0.21%   0.00%     0.45% |   0.023%    1.953%
  2.00   851   0.33   9.0 |       279.03        0.00        135.95 |    1.12%   0.00%     0.78% |   0.640%    1.953%
  2.00   851   0.33  45.0 |       851.00        0.00        674.81 |    1.95%   0.00%     1.74% |   1.953%    1.953%
  2.00   851   0.33 360.0 |       851.00        0.00        830.78 |    1.95%   0.00%     1.93% |   1.953%    1.953%
  2.00   851   0.40   1.0 |         0.00        0.00          0.00 |    0.00%   0.00%     0.00% |   0.000%    0.000%
  2.00   851   0.40   1.2 |         0.00        0.00         48.02 |    0.00%   0.00%     0.60% |   0.000%    1.534%
  2.00   851   0.40   1.5 |         0.00        0.00         60.02 |    0.00%   0.00%     0.67% |   0.000%    2.165%
  2.00   851   0.40   2.0 |         0.36        0.00         80.03 |    0.05%   0.00%     0.78% |   0.001%    2.538%
  2.00   851   0.40   2.5 |         6.44        0.00        100.03 |    0.22%   0.00%     0.87% |   0.021%    2.538%
  2.00   851   0.40   3.0 |        20.70        0.00        120.04 |    0.40%   0.00%     0.95% |   0.062%    2.538%
  2.00   851   0.40   9.0 |       338.18        0.00        360.12 |    1.60%   0.00%     1.65% |   1.030%    2.538%
  2.00   851   0.40  45.0 |       851.00        0.00        849.79 |    2.54%   0.00%     2.54% |   2.538%    2.538%
  2.00   851   0.40 360.0 |       851.00      843.61        850.90 |    2.54%   2.53%     2.54% |   2.538%    2.538%
======================================================================================================================
B.1.f — CUANTOS VDF EN PARALELO necesita el atacante (una linea AES = un nucleo)
        cadena principal 1 + q = ceil(L/I) revelaciones en vuelo por candidato evaluado
 L (h)     I    q |  solo cadena comun  +1 candidato propio  + menu m(0,40)=1,83  + m maximo 1+lam*S_max
  2.00   851    9 |                 10                   19                   27                    1369
  2.00   300   24 |                 25                   49                   69                    3649
  1.00   851    5 |                  6                   11                   16                     761
  1.00   300   12 |                 13                   25                   35                    1825
======================================================================================================================
COBERTURA DE RAMA (regla de metodo 5) — una rama con 0 invalida la comparacion
           ancla_honesta : 3203118
            ancla_propia : 828882
      bloqueado_entropia : 2838293
       bloqueado_llegada : 1193707
               sin_steer : 1031450
           steer_honesto : 1060919
            steer_propio : 327587
