====================================================================================================
C.1 · CONTROL POSITIVO — Figura 11 de HotPoW (censor por retencion de votos), sin retardo
====================================================================================================
Modelo: Apendice B del paper (hotpow.txt:1856-1927), resuelto EXACTO por programacion
dinamica. El paper: alpha=1/3 -> ~42 % de los bloques; alpha=1/2 -> 64 % (hotpow.txt:963-967).

     k     a=0.020     a=0.100     a=0.200     a=0.333     a=0.500   masa sin absorber
     1      0.0200      0.1000      0.2000      0.3333      0.5000            0.00e+00
     2      0.0201      0.1032      0.2119      0.3632      0.5569            7.99e-16
     4      0.0202      0.1057      0.2212      0.3861      0.5972            8.55e-16
     8      0.0203      0.1074      0.2274      0.4006      0.6210            6.85e-16
    16      0.0203      0.1083      0.2310      0.4088      0.6336            9.48e-16
    32      0.0204      0.1089      0.2329      0.4131      0.6400            7.07e-16
    64      0.0204      0.1091      0.2339      0.4153      0.6432            9.90e-16
   128      0.0204      0.1093      0.2344      0.4165      0.6448            9.83e-16
   256      0.0204      0.1094      0.2347      0.4170      0.6456            9.68e-16

-> comparese la columna a=0,333 con el 42 % del paper y la a=0,500 con el 64 %.

[C.1b] Cruce con Monte Carlo VECTORIZADO de la misma cadena, 12 semillas x 30000 rondas (control del control).
        alpha     k    MC media                  IC95   DP exacta  |dif|/IC
        0.333     8      0.4016      [0.3999, 0.4033]      0.4006      0.60
        0.333    32      0.4131      [0.4119, 0.4143]      0.4131      0.03
        0.333    64      0.4165      [0.4145, 0.4185]      0.4153      0.58
        0.333   128      0.4159      [0.4144, 0.4174]      0.4165      0.36
        0.500    64      0.6426      [0.6407, 0.6445]      0.6432      0.30
        0.100    64      0.1090      [0.1081, 0.1099]      0.1091      0.19
      cobertura de rama MC: {'exito_honesto': 1296436, 'exito_atacante': 863564}

====================================================================================================
C.2 · EL MISMO ATAQUE CON RETARDO DE RED, en nuestro regimen (lambda = 1 bloque/s)
====================================================================================================
Variante 1: lambda_voto = 1/s (el voto ES el bloque). Variante 2: lambda_voto = k/s (HotPoW).
20000 rondas x 12 semillas por configuracion.

  alpha     k      variante  Delta    cuota del atacante                  IC95
   0.10    32 1 (voto=bloq)      0                0.1099      [0.1081, 0.1117]
   0.10    32  2 (k*lambda)      0                0.1099      [0.1081, 0.1117]
   0.10    32 1 (voto=bloq)      4                0.1172      [0.1163, 0.1182]
   0.10    32  2 (k*lambda)      4                0.2353      [0.2332, 0.2375]
   0.10    32 1 (voto=bloq)      8                0.1247      [0.1235, 0.1259]
   0.10    32  2 (k*lambda)      8                0.2790      [0.2776, 0.2804]
   0.10    32 1 (voto=bloq)     16                0.1397      [0.1384, 0.1410]
   0.10    32  2 (k*lambda)     16                0.3221      [0.3204, 0.3239]
   0.10    64 1 (voto=bloq)      0                0.1093      [0.1079, 0.1106]
   0.10    64  2 (k*lambda)      0                0.1093      [0.1079, 0.1106]
   0.10    64 1 (voto=bloq)      4                0.1131      [0.1119, 0.1142]
   0.10    64  2 (k*lambda)      4                0.2337      [0.2321, 0.2352]
   0.10    64 1 (voto=bloq)      8                0.1177      [0.1168, 0.1186]
   0.10    64  2 (k*lambda)      8                0.2779      [0.2760, 0.2798]
   0.10    64 1 (voto=bloq)     16                0.1262      [0.1252, 0.1271]
   0.10    64  2 (k*lambda)     16                0.3231      [0.3216, 0.3245]
   0.10   128 1 (voto=bloq)      0                0.1099      [0.1089, 0.1110]
   0.10   128  2 (k*lambda)      0                0.1099      [0.1089, 0.1110]
   0.10   128 1 (voto=bloq)      4                0.1101      [0.1091, 0.1112]
   0.10   128  2 (k*lambda)      4                0.2354      [0.2336, 0.2372]
   0.10   128 1 (voto=bloq)      8                0.1125      [0.1115, 0.1134]
   0.10   128  2 (k*lambda)      8                0.2778      [0.2761, 0.2794]
   0.10   128 1 (voto=bloq)     16                0.1189      [0.1177, 0.1201]
   0.10   128  2 (k*lambda)     16                0.3220      [0.3205, 0.3235]
   0.25    32 1 (voto=bloq)      0                0.2991      [0.2979, 0.3003]
   0.25    32  2 (k*lambda)      0                0.2991      [0.2979, 0.3003]
   0.25    32 1 (voto=bloq)      4                0.3113      [0.3096, 0.3131]
   0.25    32  2 (k*lambda)      4                0.5050      [0.5028, 0.5073]
   0.25    32 1 (voto=bloq)      8                0.3261      [0.3239, 0.3282]
   0.25    32  2 (k*lambda)      8                0.5691      [0.5676, 0.5706]
   0.25    32 1 (voto=bloq)     16                0.3502      [0.3485, 0.3518]
   0.25    32  2 (k*lambda)     16                0.6326      [0.6308, 0.6344]
   0.25    64 1 (voto=bloq)      0                0.3010      [0.2992, 0.3027]
   0.25    64  2 (k*lambda)      0                0.3010      [0.2992, 0.3027]
   0.25    64 1 (voto=bloq)      4                0.3062      [0.3044, 0.3080]
   0.25    64  2 (k*lambda)      4                0.5055      [0.5039, 0.5072]
   0.25    64 1 (voto=bloq)      8                0.3139      [0.3120, 0.3157]
   0.25    64  2 (k*lambda)      8                0.5708      [0.5696, 0.5721]
   0.25    64 1 (voto=bloq)     16                0.3291      [0.3275, 0.3307]
   0.25    64  2 (k*lambda)     16                0.6316      [0.6303, 0.6328]
   0.25   128 1 (voto=bloq)      0                0.3023      [0.3005, 0.3041]
   0.25   128  2 (k*lambda)      0                0.3023      [0.3005, 0.3041]
   0.25   128 1 (voto=bloq)      4                0.3043      [0.3026, 0.3060]
   0.25   128  2 (k*lambda)      4                0.5056      [0.5043, 0.5068]
   0.25   128 1 (voto=bloq)      8                0.3084      [0.3060, 0.3108]
   0.25   128  2 (k*lambda)      8                0.5722      [0.5705, 0.5738]
   0.25   128 1 (voto=bloq)     16                0.3157      [0.3136, 0.3178]
   0.25   128  2 (k*lambda)     16                0.6335      [0.6307, 0.6364]
   0.33    32 1 (voto=bloq)      0                0.4091      [0.4076, 0.4107]
   0.33    32  2 (k*lambda)      0                0.4091      [0.4076, 0.4107]
   0.33    32 1 (voto=bloq)      4                0.4217      [0.4199, 0.4234]
   0.33    32  2 (k*lambda)      4                0.6144      [0.6129, 0.6158]
   0.33    32 1 (voto=bloq)      8                0.4354      [0.4326, 0.4381]
   0.33    32  2 (k*lambda)      8                0.6780      [0.6761, 0.6799]
   0.33    32 1 (voto=bloq)     16                0.4621      [0.4601, 0.4640]
   0.33    32  2 (k*lambda)     16                0.7385      [0.7370, 0.7400]
   0.33    64 1 (voto=bloq)      0                0.4105      [0.4089, 0.4122]
   0.33    64  2 (k*lambda)      0                0.4105      [0.4089, 0.4122]
   0.33    64 1 (voto=bloq)      4                0.4154      [0.4130, 0.4177]
   0.33    64  2 (k*lambda)      4                0.6164      [0.6140, 0.6188]
   0.33    64 1 (voto=bloq)      8                0.4242      [0.4218, 0.4265]
   0.33    64  2 (k*lambda)      8                0.6801      [0.6789, 0.6814]
   0.33    64 1 (voto=bloq)     16                0.4380      [0.4362, 0.4397]
   0.33    64  2 (k*lambda)     16                0.7389      [0.7377, 0.7402]
   0.33   128 1 (voto=bloq)      0                0.4135      [0.4119, 0.4152]
   0.33   128  2 (k*lambda)      0                0.4135      [0.4119, 0.4152]
   0.33   128 1 (voto=bloq)      4                0.4147      [0.4129, 0.4166]
   0.33   128  2 (k*lambda)      4                0.6162      [0.6145, 0.6179]
   0.33   128 1 (voto=bloq)      8                0.4176      [0.4158, 0.4195]
   0.33   128  2 (k*lambda)      8                0.6808      [0.6791, 0.6824]
   0.33   128 1 (voto=bloq)     16                0.4263      [0.4246, 0.4280]
   0.33   128  2 (k*lambda)     16                0.7399      [0.7382, 0.7415]
   0.40    32 1 (voto=bloq)      0                0.5062      [0.5046, 0.5077]
   0.40    32  2 (k*lambda)      0                0.5062      [0.5046, 0.5077]
   0.40    32 1 (voto=bloq)      4                0.5163      [0.5149, 0.5177]
   0.40    32  2 (k*lambda)      4                0.6983      [0.6967, 0.6999]
   0.40    32 1 (voto=bloq)      8                0.5298      [0.5273, 0.5323]
   0.40    32  2 (k*lambda)      8                0.7564      [0.7549, 0.7578]
   0.40    32 1 (voto=bloq)     16                0.5556      [0.5534, 0.5577]
   0.40    32  2 (k*lambda)     16                0.8074      [0.8058, 0.8089]
   0.40    64 1 (voto=bloq)      0                0.5086      [0.5073, 0.5100]
   0.40    64  2 (k*lambda)      0                0.5086      [0.5073, 0.5100]
   0.40    64 1 (voto=bloq)      4                0.5148      [0.5127, 0.5169]
   0.40    64  2 (k*lambda)      4                0.7002      [0.6975, 0.7029]
   0.40    64 1 (voto=bloq)      8                0.5197      [0.5180, 0.5213]
   0.40    64  2 (k*lambda)      8                0.7572      [0.7550, 0.7594]
   0.40    64 1 (voto=bloq)     16                0.5338      [0.5311, 0.5366]
   0.40    64  2 (k*lambda)     16                0.8088      [0.8070, 0.8106]
   0.40   128 1 (voto=bloq)      0                0.5072      [0.5050, 0.5093]
   0.40   128  2 (k*lambda)      0                0.5072      [0.5050, 0.5093]
   0.40   128 1 (voto=bloq)      4                0.5114      [0.5097, 0.5131]
   0.40   128  2 (k*lambda)      4                0.6989      [0.6967, 0.7011]
   0.40   128 1 (voto=bloq)      8                0.5155      [0.5144, 0.5167]
   0.40   128  2 (k*lambda)      8                0.7574      [0.7559, 0.7589]
   0.40   128 1 (voto=bloq)     16                0.5215      [0.5193, 0.5238]
   0.40   128  2 (k*lambda)     16                0.8093      [0.8082, 0.8104]

cobertura de rama: {'exito_atacante': 9845129, 'exito_honesto': 13194871}
