# P-2.1 ANCLA-v0.1  2026-09-18T20:24:47.658
# git=8dffd1c1a2487ca571cab9a7358c4b7ffb0a21af
# julia=1.13.0 threads=24
# replicas=800 T=300.0 lambda=3.000 n=100 grado=8 obs=100 paso=1.00 Dmax=15 seed=0x5a5a
# mu=-2.52573 sigma=0.78790 ttb_tx=6.5e-05 sr=1000
# reducción
# tiempo_pared_s=129.71  procesado
# D,p_dis,ic95_lo,ic95_hi,p_dif_ref,dif_lo,dif_hi,n_votos
0,0.0230269,0.0226472,0.023413,0.0382714,0.0375594,0.0389726,16808947
1,0.00664368,0.00644282,0.0068455,0.00828472,0.00800499,0.00857069,23364934
2,0.000500811,0.000445411,0.000551743,0.000567994,0.000500767,0.000638264,23498497
3,2.86403e-05,1.7689e-05,4.14648e-05,3.97037e-05,2.11534e-05,6.21533e-05,23499084
4,5.79597e-07,8.42438e-08,1.48549e-06,2.97884e-07,4.25474e-08,7.65902e-07,23499100
5,0,0,0,0,0,0,23499100
6,0,0,0,0,0,0,23499100
7,0,0,0,0,0,0,23499100
8,0,0,0,0,0,0,23499100
9,0,0,0,0,0,0,23499100
10,0,0,0,0,0,0,23499100
11,0,0,0,0,0,0,23499100
12,0,0,0,0,0,0,23499100
13,0,0,0,0,0,0,23499100
14,0,0,0,0,0,0,23499100
15,0,0,0,0,0,0,23499100
