# P-2.1 ANCLA-v0.1  2026-09-18T19:58:31.145
# git=8dffd1c1a2487ca571cab9a7358c4b7ffb0a21af
# julia=1.13.0 threads=24
# replicas=10000 T=600.0 n=100 grado=8 obs=100 paso=1.00 Dmax=12 seed=0x5a5a
# mu=-2.52573 sigma=0.78790 ttb_tx=6.5e-05 sr=1000
# reducción
# tiempo_pared_s=1514.20  procesado
# D,p_dis,ic95_lo,ic95_hi,p_dif_ref,dif_lo,dif_hi,n_votos
0,0.00307773,0.00305219,0.0031041,0.00503978,0.00499482,0.00508531,516516511
1,0.000362717,0.000353661,0.000371728,0.00046142,0.000447838,0.000475299,586563447
2,6.30213e-06,5.20786e-06,7.47139e-06,5.90595e-06,4.61706e-06,7.30764e-06,587034932
3,2.65742e-08,3.37303e-09,5.94928e-08,1.36278e-08,1.70355e-09,3.06647e-08,587035795
4,0,0,0,0,0,0,587035800
5,0,0,0,0,0,0,587035800
6,0,0,0,0,0,0,587035800
7,0,0,0,0,0,0,587035800
8,0,0,0,0,0,0,587035800
9,0,0,0,0,0,0,587035800
10,0,0,0,0,0,0,587035800
11,0,0,0,0,0,0,587035800
12,0,0,0,0,0,0,587035800
