=== A4 · publicar solo parte de la cadena privada ===
k=30, lambda=1, Delta=4.0, horizonte 1800 s, 12 semillas, 1152 corridas.

[49 s]

 alpha  frac_pub    J |   delta  R/Ablue  Wpub/H |  adv_max  adv_fin |   raf  cambios   npub  npriv
  0.00      1.00   16 |  0.0000      nan  1.0000 |      0.0      0.0 |   0.0      0.0      0      0
  0.00      0.75   16 |  0.0000      nan  1.0000 |      0.0      0.0 |   0.0      0.0      0      0
  0.00      0.50   16 |  0.0000      nan  1.0000 |      0.0      0.0 |   0.0      0.0      0      0
  0.00      0.25   16 |  0.0000      nan  1.0000 |      0.0      0.0 |   0.0      0.0      0      0

  0.25      1.00   16 |  0.1544    0.540  1.1312 |     20.8      2.8 |  27.8     27.8    444    451
  0.25      0.75   16 |  0.0946    0.388  1.1486 |     21.5      4.2 |  37.0     20.5    444    451
  0.25      0.50   16 |  0.0550    0.319  1.1172 |     22.3      5.1 |  54.9      2.2    439    451
  0.25      0.25   16 |  0.0625    0.495  1.0637 |     24.9      7.0 | 109.3      0.2    437    451

  0.33      1.00   31 |  0.2867    0.689  1.1295 |     28.5      9.6 |  18.8     18.8    581    595
  0.33      0.75   31 |  0.1894    0.567  1.1450 |     31.8     13.3 |  25.0     14.8    575    595
  0.33      0.50   16 |  0.0819    0.184  1.3650 |     25.7      9.2 |  72.9     12.5    583    595
  0.33      0.25   16 |  0.1015    0.240  1.3214 |     29.5     10.0 | 145.4      3.5    582    595

  0.35      1.00   31 |  0.3065    0.632  1.1789 |     30.5      8.8 |  19.9     19.9    617    633
  0.35      0.75   31 |  0.2464    0.551  1.2006 |     32.7     15.1 |  26.7     20.7    613    633
  0.35      0.50   31 |  0.1372    0.540  1.1158 |     32.5     11.4 |  38.1      1.9    609    633
  0.35      0.25   31 |  0.1033    0.716  1.0409 |     39.3     18.0 |  75.7      0.8    605    633

  0.40      1.00   48 |  0.4366    0.741  1.1526 |     34.2     11.0 |  14.4     14.4    692    718
  0.40      0.75   48 |  0.3983    0.779  1.1127 |     36.6     16.5 |  19.1     13.5    687    718
  0.40      0.50   31 |  0.2882    0.511  1.2762 |     35.0     16.3 |  43.6      9.9    697    718
  0.40      0.25   31 |  0.3154    0.652  1.1685 |     43.3     23.1 |  86.4      3.5    691    718

  0.45      1.00   64 |  0.5834    0.746  1.1984 |     39.9     15.8 |  12.2     12.2    779    806
  0.45      0.75   48 |  0.5515    0.696  1.2412 |     39.4     22.5 |  21.5     20.2    774    806
  0.45      0.50   31 |  0.3016    0.374  1.5044 |     36.5     19.0 |  49.1     22.2    785    806
  0.45      0.25   31 |  0.2191    0.350  1.4090 |     43.4     17.7 |  97.3      3.0    779    806

LECTURA: si al bajar `frac_pub` el `delta` cae y `adv_max` NO sube por encima de 3k = 90,
publicar parte de la cadena no compra `delta` gratis: la ventaja retenida no se conserva.
