=== A2 · presupuesto repartido: parasita publicada + flujo privado ===
k=30, lambda=1, Delta=4.0, mp=15, u3=dynamic, horizonte 1800 s, t0=60 s, ventana [60,1740] s, 12 semillas, 7200 corridas.
[249 s de simulacion]

--- por alpha y reparto: se elige el J que MAXIMIZA la ventaja final del flujo ---
 alpha    a_p    a_f     flujo    J |  adv_fin  adv_max   deriva | tasa Wpub  1-alpha   delta | r medido  r disj    r D8 |   n_f  n_pub  raf  her  frl  sprob divblk   div_s
  0.00  0.000  0.000      puro   16 |      0.0      0.0   0.0000 |    0.9910   1.0000  0.0000 |    0.000   0.000   0.000 |     0      0  0.0    0    0      0      0       0
  0.00  0.000  0.000    hereda   16 |      0.0      0.0   0.0000 |    0.9910   1.0000  0.0000 |    0.000   0.000   0.000 |     0      0  0.0    0    0      0      0       0
  0.00  0.000  0.000 hereda_est   16 |      0.0      0.0   0.0000 |    0.9910   1.0000  0.0000 |    0.000   0.000   0.000 |     0      0  0.0    0    0      0      0       0
  0.00  0.000  0.000  parasito   16 |      0.0      0.0   0.0000 |    0.9910   1.0000  0.0000 |    0.000   0.000   0.000 |     0      0  0.0    0    0      0      0       0
  0.00  0.000  0.000 parasito_est   16 |      0.0      0.0   0.0000 |    0.9910   1.0000  0.0000 |    0.000   0.000   0.000 |     0      0  0.0    0    0      0      0       0
  0.00  0.000  0.000      puro   16 |      0.0      0.0   0.0000 |    0.9910   1.0000  0.0000 |    0.000   0.000   0.000 |     0      0  0.0    0    0      0      0       0
  0.00  0.000  0.000    hereda   16 |      0.0      0.0   0.0000 |    0.9910   1.0000  0.0000 |    0.000   0.000   0.000 |     0      0  0.0    0    0      0      0       0
  0.00  0.000  0.000 hereda_est   16 |      0.0      0.0   0.0000 |    0.9910   1.0000  0.0000 |    0.000   0.000   0.000 |     0      0  0.0    0    0      0      0       0
  0.00  0.000  0.000  parasito   16 |      0.0      0.0   0.0000 |    0.9910   1.0000  0.0000 |    0.000   0.000   0.000 |     0      0  0.0    0    0      0      0       0
  0.00  0.000  0.000 parasito_est   16 |      0.0      0.0   0.0000 |    0.9910   1.0000  0.0000 |    0.000   0.000   0.000 |     0      0  0.0    0    0      0      0       0
  0.00  0.000  0.000      puro   16 |      0.0      0.0   0.0000 |    0.9910   1.0000  0.0000 |    0.000   0.000   0.000 |     0      0  0.0    0    0      0      0       0
  0.00  0.000  0.000    hereda   16 |      0.0      0.0   0.0000 |    0.9910   1.0000  0.0000 |    0.000   0.000   0.000 |     0      0  0.0    0    0      0      0       0
  0.00  0.000  0.000 hereda_est   16 |      0.0      0.0   0.0000 |    0.9910   1.0000  0.0000 |    0.000   0.000   0.000 |     0      0  0.0    0    0      0      0       0
  0.00  0.000  0.000  parasito   16 |      0.0      0.0   0.0000 |    0.9910   1.0000  0.0000 |    0.000   0.000   0.000 |     0      0  0.0    0    0      0      0       0
  0.00  0.000  0.000 parasito_est   16 |      0.0      0.0   0.0000 |    0.9910   1.0000  0.0000 |    0.000   0.000   0.000 |     0      0  0.0    0    0      0      0       0
  0.00  0.000  0.000      puro   16 |      0.0      0.0   0.0000 |    0.9910   1.0000  0.0000 |    0.000   0.000   0.000 |     0      0  0.0    0    0      0      0       0
  0.00  0.000  0.000    hereda   16 |      0.0      0.0   0.0000 |    0.9910   1.0000  0.0000 |    0.000   0.000   0.000 |     0      0  0.0    0    0      0      0       0
  0.00  0.000  0.000 hereda_est   16 |      0.0      0.0   0.0000 |    0.9910   1.0000  0.0000 |    0.000   0.000   0.000 |     0      0  0.0    0    0      0      0       0
  0.00  0.000  0.000  parasito   16 |      0.0      0.0   0.0000 |    0.9910   1.0000  0.0000 |    0.000   0.000   0.000 |     0      0  0.0    0    0      0      0       0
  0.00  0.000  0.000 parasito_est   16 |      0.0      0.0   0.0000 |    0.9910   1.0000  0.0000 |    0.000   0.000   0.000 |     0      0  0.0    0    0      0      0       0
  0.00  0.000  0.000      puro   16 |      0.0      0.0   0.0000 |    0.9910   1.0000  0.0000 |    0.000   0.000   0.000 |     0      0  0.0    0    0      0      0       0
  0.00  0.000  0.000    hereda   16 |      0.0      0.0   0.0000 |    0.9910   1.0000  0.0000 |    0.000   0.000   0.000 |     0      0  0.0    0    0      0      0       0
  0.00  0.000  0.000 hereda_est   16 |      0.0      0.0   0.0000 |    0.9910   1.0000  0.0000 |    0.000   0.000   0.000 |     0      0  0.0    0    0      0      0       0
  0.00  0.000  0.000  parasito   16 |      0.0      0.0   0.0000 |    0.9910   1.0000  0.0000 |    0.000   0.000   0.000 |     0      0  0.0    0    0      0      0       0
  0.00  0.000  0.000 parasito_est   16 |      0.0      0.0   0.0000 |    0.9910   1.0000  0.0000 |    0.000   0.000   0.000 |     0      0  0.0    0    0      0      0       0

  0.30  0.000  0.300      puro   16 |   -678.5      2.4  -0.4039 |    0.6898   0.7000  0.0000 |    0.435   0.429   0.429 |   523     12  0.8    0    0      0    524    1738
  0.30  0.000  0.300    hereda   16 |   -678.5      2.4  -0.4039 |    0.6898   0.7000  0.0000 |    0.435   0.429   0.429 |   523     12  0.8    0    0      0    524    1738
  0.30  0.000  0.300 hereda_est   16 |   -678.5      2.4  -0.4039 |    0.6898   0.7000  0.0000 |    0.435   0.429   0.429 |   523     12  0.8    0    0      0    524    1738
  0.30  0.000  0.300  parasito   16 |   -760.1     23.3  -0.4524 |    0.6898   0.7000  0.0000 |    0.435   0.429   0.429 |   191     12  0.8    0  522     14     18      49
  0.30  0.000  0.300 parasito_est   16 |   -656.6     13.1  -0.3908 |    0.6898   0.7000  0.0000 |    0.435   0.429   0.429 |   523     12  0.8    0   15      0    524    1738
  0.30  0.075  0.225      puro   48 |   -813.0      1.3  -0.4839 |    0.6932   0.7000  0.0033 |    0.325   0.321   0.430 |   395    128  2.7    0    0      0    396    1737
  0.30  0.075  0.225    hereda   64 |   -637.7      2.1  -0.3796 |    0.6931   0.7000  0.0048 |    0.325   0.321   0.431 |   310    128  2.0   86    0      1    190     831
  0.30  0.075  0.225 hereda_est   48 |   -813.0      1.3  -0.4839 |    0.6932   0.7000  0.0033 |    0.325   0.321   0.430 |   395    128  2.7   31    0      0    396    1737
  0.30  0.075  0.225  parasito   48 |   -636.9     19.8  -0.3791 |    0.6932   0.7000  0.0033 |    0.325   0.321   0.430 |   185    128  2.7    0  394     25     12      41
  0.30  0.075  0.225 parasito_est   48 |   -795.8      9.0  -0.4737 |    0.6932   0.7000  0.0033 |    0.325   0.321   0.430 |   395    128  2.7    0    8      0    396    1737
  0.30  0.150  0.150      puro   64 |   -950.1      1.3  -0.5655 |    0.6968   0.7000  0.0208 |    0.215   0.214   0.438 |   263    245  3.8    0    0      0    264    1734
  0.30  0.150  0.150    hereda   16 |   -436.5      3.1  -0.2598 |    0.7238   0.7000  0.0773 |    0.207   0.214   0.464 |   187    271 16.9   87    0     11     19     105
  0.30  0.150  0.150 hereda_est   48 |   -947.5      1.3  -0.5640 |    0.7010   0.7000  0.0272 |    0.214   0.214   0.441 |   263    256  5.3   46    0      0    264    1734
  0.30  0.150  0.150  parasito   48 |   -353.1     17.3  -0.2102 |    0.7010   0.7000  0.0272 |    0.214   0.214   0.441 |   182    256  5.3    0  262     44      6      24
  0.30  0.150  0.150 parasito_est   64 |   -944.0      4.7  -0.5619 |    0.6968   0.7000  0.0208 |    0.215   0.214   0.438 |   263    245  3.8    0    2      0    264    1734
  0.30  0.225  0.075      puro   64 |  -1100.0      1.2  -0.6548 |    0.7111   0.7000  0.0377 |    0.105   0.107   0.445 |   134    379  5.9    0    0      0    134    1724
  0.30  0.225  0.075    hereda   16 |    -32.4      2.6  -0.0193 |    0.7784   0.7000  0.1382 |    0.096   0.107   0.497 |   134    399 24.9   24    0     24      3      25
  0.30  0.225  0.075 hereda_est   64 |  -1080.2      1.2  -0.6430 |    0.7111   0.7000  0.0377 |    0.105   0.107   0.445 |   134    379  5.9   33    0      0    134    1724
  0.30  0.225  0.075  parasito   31 |     -4.0     13.2  -0.0024 |    0.7194   0.7000  0.1103 |    0.104   0.107   0.482 |   134    390 12.6    0  133     71      3       9
  0.30  0.225  0.075 parasito_est   64 |  -1098.9      1.8  -0.6541 |    0.7111   0.7000  0.0377 |    0.105   0.107   0.445 |   134    379  5.9    0    1      0    134    1724
  0.30  0.300  0.000      puro   16 |      0.0      0.0   0.0000 |    0.8815   0.7000  0.1398 |    0.000   0.000   0.498 |     0    533 33.3    0    0      0      0       0
  0.30  0.300  0.000    hereda   16 |      0.0      0.0   0.0000 |    0.8815   0.7000  0.1398 |    0.000   0.000   0.498 |     0    533 33.3    0    0      0      0       0
  0.30  0.300  0.000 hereda_est   16 |      0.0      0.0   0.0000 |    0.8815   0.7000  0.1398 |    0.000   0.000   0.498 |     0    533 33.3    0    0      0      0       0
  0.30  0.300  0.000  parasito   16 |      0.0      0.0   0.0000 |    0.8815   0.7000  0.1398 |    0.000   0.000   0.498 |     0    533 33.3    0    0      0      0       0
  0.30  0.300  0.000 parasito_est   16 |      0.0      0.0   0.0000 |    0.8815   0.7000  0.1398 |    0.000   0.000   0.498 |     0    533 33.3    0    0      0      0       0

  0.35  0.000  0.350      puro   16 |   -499.6      2.9  -0.2974 |    0.6390   0.6500  0.0000 |    0.548   0.538   0.538 |   613     16  1.0    0    0      0    613    1736
  0.35  0.000  0.350    hereda   16 |   -499.6      2.9  -0.2974 |    0.6390   0.6500  0.0000 |    0.548   0.538   0.538 |   613     16  1.0    0    0      0    613    1736
  0.35  0.000  0.350 hereda_est   16 |   -499.6      2.9  -0.2974 |    0.6390   0.6500  0.0000 |    0.548   0.538   0.538 |   613     16  1.0    0    0      0    613    1736
  0.35  0.000  0.350  parasito   16 |   -768.5     25.8  -0.4574 |    0.6390   0.6500  0.0000 |    0.548   0.538   0.538 |   191     16  1.0    0  612      7     33      81
  0.35  0.000  0.350 parasito_est   16 |   -475.8     16.1  -0.2832 |    0.6390   0.6500  0.0000 |    0.548   0.538   0.538 |   613     16  1.0    0   27      0    613    1736
  0.35  0.087  0.262      puro   64 |   -654.2      2.1  -0.3894 |    0.6422   0.6500  0.0077 |    0.409   0.404   0.543 |   463    128  2.0    0    0      0    463    1734
  0.35  0.087  0.262    hereda   64 |   -641.2      2.9  -0.3817 |    0.6422   0.6500  0.0077 |    0.409   0.404   0.543 |   305    128  2.0  159    0      1    191     705
  0.35  0.087  0.262 hereda_est   48 |   -658.5      2.1  -0.3920 |    0.6447   0.6500  0.0088 |    0.407   0.404   0.543 |   463    144  3.0   46    0      0    463    1734
  0.35  0.087  0.262  parasito   64 |   -657.1     23.0  -0.3911 |    0.6422   0.6500  0.0077 |    0.409   0.404   0.543 |   186    128  2.0    0  462     16     17      49
  0.35  0.087  0.262 parasito_est   64 |   -632.7     12.2  -0.3766 |    0.6422   0.6500  0.0077 |    0.409   0.404   0.543 |   463    128  2.0    0   14      0    463    1734
  0.35  0.175  0.175      puro   64 |   -820.7      1.4  -0.4885 |    0.6503   0.6500  0.0269 |    0.269   0.269   0.553 |   310    283  4.4    0    0      0    311    1737
  0.35  0.175  0.175    hereda   31 |   -499.3      3.1  -0.2972 |    0.6651   0.6500  0.0585 |    0.263   0.269   0.572 |   200    307  9.9  116    0      6     36     183
  0.35  0.175  0.175 hereda_est   64 |   -820.2      1.4  -0.4882 |    0.6503   0.6500  0.0269 |    0.269   0.269   0.553 |   310    283  4.4   62    0      0    311    1737
  0.35  0.175  0.175  parasito   31 |   -446.8     18.3  -0.2660 |    0.6651   0.6500  0.0585 |    0.263   0.269   0.572 |   184    307  9.9    0  309     34      9      33
  0.35  0.175  0.175 parasito_est   64 |   -813.2      4.4  -0.4841 |    0.6503   0.6500  0.0269 |    0.269   0.269   0.553 |   310    283  4.4    0    3      0    311    1737
  0.35  0.262  0.087      puro   64 |  -1004.7      1.1  -0.5980 |    0.6697   0.6500  0.0787 |    0.131   0.135   0.584 |   156    453  7.1    0    0      0    156    1726
  0.35  0.262  0.087    hereda   16 |    -25.5      3.7  -0.0152 |    0.7906   0.6500  0.1439 |    0.111   0.135   0.629 |   156    469 29.3   28    0     28      5      30
  0.35  0.262  0.087 hereda_est   64 |   -979.1      1.1  -0.5828 |    0.6697   0.6500  0.0787 |    0.131   0.135   0.584 |   156    453  7.1   46    0      0    156    1726
  0.35  0.262  0.087  parasito   31 |     -2.1     14.6  -0.0012 |    0.6906   0.6500  0.1814 |    0.127   0.135   0.658 |   156    462 14.9    0  155     73      3       8
  0.35  0.262  0.087 parasito_est   64 |  -1003.5      1.8  -0.5973 |    0.6697   0.6500  0.0787 |    0.131   0.135   0.584 |   156    453  7.1    0    0      0    156    1726
  0.35  0.350  0.000      puro   16 |      0.0      0.0   0.0000 |    0.9317   0.6500  0.0879 |    0.000   0.000   0.590 |     0    624 39.0    0    0      0      0       0
  0.35  0.350  0.000    hereda   16 |      0.0      0.0   0.0000 |    0.9317   0.6500  0.0879 |    0.000   0.000   0.590 |     0    624 39.0    0    0      0      0       0
  0.35  0.350  0.000 hereda_est   16 |      0.0      0.0   0.0000 |    0.9317   0.6500  0.0879 |    0.000   0.000   0.590 |     0    624 39.0    0    0      0      0       0
  0.35  0.350  0.000  parasito   16 |      0.0      0.0   0.0000 |    0.9317   0.6500  0.0879 |    0.000   0.000   0.590 |     0    624 39.0    0    0      0      0       0
  0.35  0.350  0.000 parasito_est   16 |      0.0      0.0   0.0000 |    0.9317   0.6500  0.0879 |    0.000   0.000   0.590 |     0    624 39.0    0    0      0      0       0

  0.40  0.000  0.400      puro   16 |   -336.5      3.4  -0.2003 |    0.5921   0.6000  0.0000 |    0.676   0.667   0.667 |   694     16  1.0    0    0      0    694    1737
  0.40  0.000  0.400    hereda   16 |   -336.5      3.4  -0.2003 |    0.5921   0.6000  0.0000 |    0.676   0.667   0.667 |   694     16  1.0    0    0      0    694    1737
  0.40  0.000  0.400 hereda_est   16 |   -336.5      3.4  -0.2003 |    0.5921   0.6000  0.0000 |    0.676   0.667   0.667 |   694     16  1.0    0    0      0    694    1737
  0.40  0.000  0.400  parasito   16 |   -722.1     28.9  -0.4298 |    0.5921   0.6000  0.0000 |    0.676   0.667   0.667 |   208     16  1.0    0  693      4     74     173
  0.40  0.000  0.400 parasito_est   16 |   -310.2     19.7  -0.1847 |    0.5921   0.6000  0.0000 |    0.676   0.667   0.667 |   694     16  1.0    0   52      0    694    1737
  0.40  0.100  0.300      puro   64 |   -521.5      1.9  -0.3104 |    0.5988   0.6000  0.0067 |    0.501   0.500   0.671 |   522    176  2.8    0    0      0    522    1735
  0.40  0.100  0.300    hereda   64 |   -605.5      3.1  -0.3604 |    0.5988   0.6000  0.0067 |    0.501   0.500   0.671 |   313    176  2.8  210    0      1    196     634
  0.40  0.100  0.300 hereda_est   31 |   -522.9      2.0  -0.3113 |    0.6034   0.6000  0.0204 |    0.497   0.500   0.681 |   522    183  5.9   70    0      0    525    1750
  0.40  0.100  0.300  parasito   31 |   -660.3     24.2  -0.3931 |    0.6034   0.6000  0.0204 |    0.497   0.500   0.681 |   190    183  5.9    0  521     11     22      61
  0.40  0.100  0.300 parasito_est   64 |   -502.8     12.0  -0.2993 |    0.5988   0.6000  0.0067 |    0.501   0.500   0.671 |   522    176  2.8    0   16      0    522    1735
  0.40  0.200  0.200      puro   64 |   -709.0      1.4  -0.4220 |    0.6072   0.6000  0.0499 |    0.329   0.333   0.702 |   347    331  5.2    0    0      0    348    1733
  0.40  0.200  0.200    hereda   48 |   -519.9      3.2  -0.3095 |    0.6117   0.6000  0.0740 |    0.327   0.333   0.720 |   208    344  7.2  143    0      4     48     224
  0.40  0.200  0.200 hereda_est   48 |   -697.1      1.4  -0.4149 |    0.6117   0.6000  0.0740 |    0.327   0.333   0.720 |   347    344  7.2   88    0      0    348    1733
  0.40  0.200  0.200  parasito   48 |   -487.2     20.8  -0.2900 |    0.6117   0.6000  0.0740 |    0.327   0.333   0.720 |   187    344  7.2    0  346     23     16      56
  0.40  0.200  0.200 parasito_est   64 |   -698.1      6.2  -0.4155 |    0.6072   0.6000  0.0499 |    0.329   0.333   0.702 |   347    331  5.2    0    4      0    348    1733
  0.40  0.300  0.100      puro   64 |   -901.7      1.3  -0.5367 |    0.6223   0.6000  0.1658 |    0.161   0.167   0.799 |   176    517  8.1    0    0      0    176    1725
  0.40  0.300  0.100    hereda   16 |    -33.0      3.4  -0.0196 |    0.8171   0.6000  0.1138 |    0.122   0.167   0.752 |   175    535 33.4   32    0     32      4      22
  0.40  0.300  0.100 hereda_est   64 |   -873.3      1.3  -0.5198 |    0.6223   0.6000  0.1658 |    0.161   0.167   0.799 |   176    517  8.1   67    0      0    176    1725
  0.40  0.300  0.100  parasito   64 |     -7.5     15.8  -0.0045 |    0.6223   0.6000  0.1658 |    0.161   0.167   0.799 |   174    517  8.1    0  175     62      4      16
  0.40  0.300  0.100 parasito_est   64 |   -898.8      2.6  -0.5350 |    0.6223   0.6000  0.1658 |    0.161   0.167   0.799 |   176    517  8.1    0    1      0    176    1725
  0.40  0.400  0.000      puro   16 |      0.0      0.0   0.0000 |    0.9616   0.6000  0.0483 |    0.000   0.000   0.700 |     0    712 44.5    0    0      0      0       0
  0.40  0.400  0.000    hereda   16 |      0.0      0.0   0.0000 |    0.9616   0.6000  0.0483 |    0.000   0.000   0.700 |     0    712 44.5    0    0      0      0       0
  0.40  0.400  0.000 hereda_est   16 |      0.0      0.0   0.0000 |    0.9616   0.6000  0.0483 |    0.000   0.000   0.700 |     0    712 44.5    0    0      0      0       0
  0.40  0.400  0.000  parasito   16 |      0.0      0.0   0.0000 |    0.9616   0.6000  0.0483 |    0.000   0.000   0.700 |     0    712 44.5    0    0      0      0       0
  0.40  0.400  0.000 parasito_est   16 |      0.0      0.0   0.0000 |    0.9616   0.6000  0.0483 |    0.000   0.000   0.700 |     0    712 44.5    0    0      0      0       0

  0.45  0.000  0.450      puro   31 |   -164.6      4.4  -0.0980 |    0.5424   0.5500  0.0000 |    0.830   0.818   0.818 |   780      3  0.1    0    0      0    780    1737
  0.45  0.000  0.450    hereda   31 |   -164.6      4.4  -0.0980 |    0.5424   0.5500  0.0000 |    0.830   0.818   0.818 |   780      3  0.1    0    0      0    780    1737
  0.45  0.000  0.450 hereda_est   31 |   -164.6      4.4  -0.0980 |    0.5424   0.5500  0.0000 |    0.830   0.818   0.818 |   780      3  0.1    0    0      0    780    1737
  0.45  0.000  0.450  parasito   31 |   -625.6     31.5  -0.3724 |    0.5424   0.5500  0.0000 |    0.830   0.818   0.818 |   262      3  0.1    0  779      2    167     354
  0.45  0.000  0.450 parasito_est   31 |   -138.5     23.4  -0.0824 |    0.5424   0.5500  0.0000 |    0.830   0.818   0.818 |   780      3  0.1    0  137      0    780    1737
  0.45  0.113  0.338      puro   64 |   -372.1      3.0  -0.2215 |    0.5502   0.5500  0.0170 |    0.613   0.614   0.832 |   586    192  3.0    0    0      0    586    1735
  0.45  0.113  0.338    hereda   64 |   -572.9      4.3  -0.3410 |    0.5502   0.5500  0.0170 |    0.613   0.614   0.832 |   306    192  3.0  281    0      1    194     556
  0.45  0.113  0.338 hereda_est   31 |   -372.7      3.8  -0.2218 |    0.5550   0.5500  0.0350 |    0.608   0.614   0.848 |   586    204  6.6   88    0      0    588    1750
  0.45  0.113  0.338  parasito   48 |   -618.3     27.3  -0.3681 |    0.5520   0.5500  0.0232 |    0.611   0.614   0.838 |   207    192  4.0    0  585      6     50     129
  0.45  0.113  0.338 parasito_est   64 |   -350.4     15.8  -0.2086 |    0.5502   0.5500  0.0170 |    0.613   0.614   0.832 |   586    192  3.0    0   35      0    586    1735
  0.45  0.225  0.225      puro   64 |   -597.0      1.8  -0.3554 |    0.5676   0.5500  0.0781 |    0.396   0.409   0.887 |   390    389  6.1    0    0      0    390    1732
  0.45  0.225  0.225    hereda   48 |   -532.5      4.2  -0.3170 |    0.5731   0.5500  0.1235 |    0.393   0.409   0.933 |   210    396  8.2  184    0      4     50     208
  0.45  0.225  0.225 hereda_est   48 |   -590.7      1.8  -0.3516 |    0.5731   0.5500  0.1235 |    0.393   0.409   0.933 |   390    396  8.2  113    0      0    392    1747
  0.45  0.225  0.225  parasito   48 |   -502.3     22.3  -0.2990 |    0.5731   0.5500  0.1235 |    0.393   0.409   0.933 |   192    396  8.2    0  389     18     20      67
  0.45  0.225  0.225 parasito_est   64 |   -581.7      9.7  -0.3462 |    0.5676   0.5500  0.0781 |    0.396   0.409   0.887 |   390    389  6.1    0    9      0    390    1732
  0.45  0.338  0.113      puro   64 |   -835.5      1.2  -0.4973 |    0.5930   0.5500  0.2816 |    0.190   0.205   1.139 |   196    581  9.1    0    0      0    198    1737
  0.45  0.338  0.113    hereda   48 |   -113.2      2.8  -0.0674 |    0.6142   0.5500  0.3468 |    0.183   0.205   1.253 |   188    580 12.1   19    0     11     17     127
  0.45  0.338  0.113 hereda_est   64 |   -806.2      1.2  -0.4799 |    0.5930   0.5500  0.2816 |    0.190   0.205   1.139 |   196    581  9.1   82    0      0    198    1737
  0.45  0.338  0.113  parasito   64 |    -65.1     16.7  -0.0387 |    0.5930   0.5500  0.2816 |    0.190   0.205   1.139 |   183    581  9.1    0  195     54      8      34
  0.45  0.338  0.113 parasito_est   64 |   -828.2      4.5  -0.4930 |    0.5930   0.5500  0.2816 |    0.190   0.205   1.139 |   196    581  9.1    0    2      0    198    1737
  0.45  0.450  0.000      puro   16 |      0.0      0.0   0.0000 |    0.9835   0.5500  0.0137 |    0.000   0.000   0.830 |     0    801 50.1    0    0      0      0       0
  0.45  0.450  0.000    hereda   16 |      0.0      0.0   0.0000 |    0.9835   0.5500  0.0137 |    0.000   0.000   0.830 |     0    801 50.1    0    0      0      0       0
  0.45  0.450  0.000 hereda_est   16 |      0.0      0.0   0.0000 |    0.9835   0.5500  0.0137 |    0.000   0.000   0.830 |     0    801 50.1    0    0      0      0       0
  0.45  0.450  0.000  parasito   16 |      0.0      0.0   0.0000 |    0.9835   0.5500  0.0137 |    0.000   0.000   0.830 |     0    801 50.1    0    0      0      0       0
  0.45  0.450  0.000 parasito_est   16 |      0.0      0.0   0.0000 |    0.9835   0.5500  0.0137 |    0.000   0.000   0.830 |     0    801 50.1    0    0      0      0       0

  0.55  0.000  0.550      puro   31 |    194.0    200.4   0.1155 |    0.4397   0.4500  0.0000 |    1.251   1.222   1.222 |   959     21  0.7    0    0      0    959    1737
  0.55  0.000  0.550    hereda   31 |    194.0    200.4   0.1155 |    0.4397   0.4500  0.0000 |    1.251   1.222   1.222 |   959     21  0.7    0    0      0    959    1737
  0.55  0.000  0.550 hereda_est   31 |    194.0    200.4   0.1155 |    0.4397   0.4500  0.0000 |    1.251   1.222   1.222 |   959     21  0.7    0    0      0    959    1737
  0.55  0.000  0.550  parasito   16 |    220.3    226.8   0.1312 |    0.4397   0.4500  0.0000 |    1.251   1.222   1.222 |   959     27  1.7    0  958      0    959    1736
  0.55  0.000  0.550 parasito_est   16 |    220.3    226.8   0.1312 |    0.4397   0.4500  0.0000 |    1.251   1.222   1.222 |   959     27  1.7    0  958      0    959    1737
  0.55  0.138  0.413      puro   64 |    -70.8      9.2  -0.0421 |    0.4543   0.4500  0.0393 |    0.908   0.917   1.272 |   720    251  3.9    0    0      0    720    1736
  0.55  0.138  0.413    hereda   64 |   -482.5     15.5  -0.2872 |    0.4543   0.4500  0.0393 |    0.908   0.917   1.272 |   286    251  3.9  434    0      1    203     478
  0.55  0.138  0.413 hereda_est   31 |    -88.0     12.0  -0.0524 |    0.4654   0.4500  0.0753 |    0.886   0.917   1.322 |   720    253  8.2   91    0      0    723    1756
  0.55  0.138  0.413  parasito   64 |   -316.6     41.4  -0.1884 |    0.4543   0.4500  0.0393 |    0.908   0.917   1.272 |   427    251  3.9    0  718      1    345     815
  0.55  0.138  0.413 parasito_est   64 |    -45.4     32.7  -0.0270 |    0.4543   0.4500  0.0393 |    0.908   0.917   1.272 |   718    251  3.9    0  286      0    718    1736
  0.55  0.275  0.275      puro   64 |   -359.2      2.8  -0.2138 |    0.4710   0.4500  0.3221 |    0.584   0.611   1.803 |   480    475  7.4    0    0      0    488    1777
  0.55  0.275  0.275    hereda   64 |   -496.2      6.2  -0.2953 |    0.4710   0.4500  0.3221 |    0.584   0.611   1.803 |   220    475  7.4  264    0      3     71     235
  0.55  0.275  0.275 hereda_est   64 |   -350.4      2.8  -0.2086 |    0.4710   0.4500  0.3221 |    0.584   0.611   1.803 |   480    475  7.4  194    0      0    488    1777
  0.55  0.275  0.275  parasito   64 |   -474.2     28.4  -0.2822 |    0.4710   0.4500  0.3221 |    0.584   0.611   1.803 |   211    475  7.4    0  480      6     56     177
  0.55  0.275  0.275 parasito_est   64 |   -339.8     13.4  -0.2023 |    0.4710   0.4500  0.3221 |    0.584   0.611   1.803 |   480    475  7.4    0   21      0    488    1777
  0.55  0.413  0.138      puro   64 |   -783.3      1.6  -0.4663 |    0.5768   0.4500  0.6043 |    0.238   0.306   3.089 |   241    720 11.2    0    0      0    251    1789
  0.55  0.413  0.138    hereda   64 |   -283.9      3.8  -0.1690 |    0.5768   0.4500  0.6043 |    0.238   0.306   3.089 |   188    720 11.2   61    0      8     22     151
  0.55  0.413  0.138 hereda_est   64 |   -753.3      1.6  -0.4484 |    0.5768   0.4500  0.6043 |    0.238   0.306   3.089 |   241    720 11.2  133    0      0    251    1789
  0.55  0.413  0.138  parasito   64 |   -251.2     18.9  -0.1495 |    0.5768   0.4500  0.6043 |    0.238   0.306   3.089 |   183    720 11.2    0  240     31     20     113
  0.55  0.413  0.138 parasito_est   64 |   -777.2      5.0  -0.4626 |    0.5768   0.4500  0.6043 |    0.238   0.306   3.089 |   241    720 11.2    0    3      0    251    1789
  0.55  0.550  0.000      puro   16 |      0.0      0.0   0.0000 |    0.9910   0.4500  0.0000 |    0.000   0.000   1.222 |     0    983 61.4    0    0      0      0       0
  0.55  0.550  0.000    hereda   16 |      0.0      0.0   0.0000 |    0.9910   0.4500  0.0000 |    0.000   0.000   1.222 |     0    983 61.4    0    0      0      0       0
  0.55  0.550  0.000 hereda_est   16 |      0.0      0.0   0.0000 |    0.9910   0.4500  0.0000 |    0.000   0.000   1.222 |     0    983 61.4    0    0      0      0       0
  0.55  0.550  0.000  parasito   16 |      0.0      0.0   0.0000 |    0.9910   0.4500  0.0000 |    0.000   0.000   1.222 |     0    983 61.4    0    0      0      0       0
  0.55  0.550  0.000 parasito_est   16 |      0.0      0.0   0.0000 |    0.9910   0.4500  0.0000 |    0.000   0.000   1.222 |     0    983 61.4    0    0      0      0       0

--- CONTROLES ---
  alpha_p=0, flujo puro, alpha=0,00: no hay bloques del atacante (n_f=0): la prediccion 2a-1 no aplica, la fila solo comprueba que adv=0 y que ninguna rama se ejecuta
  alpha_p=0, flujo puro, alpha=0.30: deriva medida -0.4039  vs  2a-1 = -0.4000  (n_f=523, n_pub=12, div_seg=1738 s)
  alpha_p=0, flujo puro, alpha=0.35: deriva medida -0.2974  vs  2a-1 = -0.3000  (n_f=613, n_pub=16, div_seg=1736 s)
  alpha_p=0, flujo puro, alpha=0.40: deriva medida -0.2003  vs  2a-1 = -0.2000  (n_f=694, n_pub=16, div_seg=1737 s)
  alpha_p=0, flujo puro, alpha=0.45: deriva medida -0.0980  vs  2a-1 = -0.1000  (n_f=780, n_pub=3, div_seg=1737 s)
  alpha_p=0, flujo puro, alpha=0.55: deriva medida +0.1155  vs  2a-1 = +0.1000  (n_f=959, n_pub=21, div_seg=1737 s)
  alpha=0: adv_fin=0.0, n_f=0, n_pub=0, raf=0.0  (debe ser todo 0)
  alpha=0,55 alpha_f=0,55>0,5: deriva +0.1155 (debe ser > 0: el flujo GANA)

--- la pregunta directa: para cada alpha, que reparto maximiza la deriva? ---
    SOLO variantes que siguen siendo CADENA COMPETIDORA: div_seg >= 0,5*(horizonte).
    Las variantes 'hereda'/'parasito' no estrictas pierden el padre seleccionado
    (columna sprob > 0) y su cadena se FUNDE con la publica (div_seg de 8 a 208 s):
    su deriva ~0 no es una carrera ganada, es que ya no hay carrera.
 alpha |      a_p/a=0%     a_p/a=25%     a_p/a=50%     a_p/a=75%    a_p/a=100%
  0.30 |       -0.3908       -0.4737       -0.5619       -0.6430             —
  0.35 |       -0.2832       -0.3766       -0.4841       -0.5828             —
  0.40 |       -0.1847       -0.2993       -0.4149       -0.5198             —
  0.45 |       -0.0824       -0.2086       -0.3462       -0.4799             —
  0.55 |        0.1312       -0.0270       -0.2023       -0.4484             —

--- las mismas celdas SIN filtrar (para que se vea el artefacto) ---
 alpha |      a_p/a=0%     a_p/a=25%     a_p/a=50%     a_p/a=75%    a_p/a=100%
  0.30 |       -0.3908       -0.3791       -0.2102       -0.0024        0.0000
  0.35 |       -0.2832       -0.3766       -0.2660       -0.0012        0.0000
  0.40 |       -0.1847       -0.2993       -0.2900       -0.0045        0.0000
  0.45 |       -0.0824       -0.2086       -0.2990       -0.0387        0.0000
  0.55 |        0.1312       -0.0270       -0.2023       -0.1495        0.0000

--- Wpub/H por reparto (conservacion): debe ser >= 1 en toda celda ---
 alpha |      a_p/a=0%     a_p/a=25%     a_p/a=50%     a_p/a=75%    a_p/a=100%
  0.00 |        1.0000        1.0000        1.0000        1.0000        1.0000
  0.30 |        1.0000        1.0049        1.0101        1.0308        1.2778
  0.35 |        1.0000        1.0050        1.0177        1.0481        1.4582
  0.40 |        1.0000        1.0113        1.0255        1.0509        1.6239
  0.45 |        1.0000        1.0144        1.0464        1.0933        1.8132
  0.55 |        1.0000        1.0331        1.0712        1.3117        2.2536

LECTURA: si la deriva es MAXIMA en alpha_p = 0 para todo alpha, parasitar nunca ayuda al que corre,
y la base de la carrera es alpha/(1-alpha), no alpha/((1-alpha)(1-delta)).
