============================================================================================================
CONTROL POSITIVO D14B — regla fiel (Alg. 1 + implementación de referencia)
λ=3.75, α=0.2, vista honesta μ=3.0/s, ε=0.05, 12 semillas
Objetivo del paper: k=0/1/4 y conf. times 1,2/6/12 s (fig. 3)
============================================================================================================

A · M_kMC fiel (mínimo k con |k-cluster| >= 50 %) — vista honesta
    D     T | k honesta (semillas)                    media | objetivo
  0.1   1.2 | [0, 0, 0, 0, 0, 0, 0, 0, 0, 0, 0, 0]     0.00 |        0
  0.1   6.0 | [0, 0, 0, 0, 0, 0, 0, 0, 0, 0, 0, 0]     0.00 |        0
  0.1  12.0 | [0, 0, 0, 0, 0, 0, 0, 0, 0, 0, 0, 0]     0.00 |        0
  0.1  24.0 | [0, 0, 0, 0, 0, 0, 0, 0, 0, 0, 0, 0]     0.00 |        0
      (figura: k=0, tiempo 1.2 s)
  1.0   1.2 | [0, 0, 1, 2, 0, 0, 2, 0, 1, 1, 0, 2]     0.75 |        1
  1.0   6.0 | [2, 1, 1, 2, 1, 2, 2, 2, 2, 1, 1, 2]     1.58 |        1
  1.0  12.0 | [2, 2, 1, 1, 1, 2, 2, 2, 2, 2, 2, 2]     1.75 |        1
  1.0  24.0 | [2, 2, 1, 2, 2, 2, 2, 2, 2, 2, 1, 2]     1.83 |        1
      (figura: k=1, tiempo 6.0 s)
  2.0   1.2 | [0, 0, 2, 2, 0, 0, 2, 0, 1, 1, 0, 2]     0.83 |        4
  2.0   6.0 | [2, 2, 3, 3, 1, 2, 3, 3, 3, 2, 2, 3]     2.42 |        4
  2.0  12.0 | [3, 3, 3, 2, 2, 3, 4, 3, 4, 2, 3, 3]     2.92 |        4
  2.0  24.0 | [3, 2, 2, 3, 3, 3, 4, 3, 3, 3, 3, 3]     2.92 |        4
      (figura: k=4, tiempo 12.0 s)

B · M_kMC fiel — DAG completo (atacante invisible revelado al final)
    D     T | k completo (semillas)                   media | objetivo
  0.1   1.2 | [0, 0, 0, 0, 0, 0, 1, 0, 1, 0, 0, 0]     0.17 |        0
  0.1   6.0 | [0, 0, 0, 0, 0, 0, 0, 0, 0, 0, 0, 0]     0.00 |        0
  0.1  12.0 | [0, 0, 0, 0, 0, 0, 0, 0, 1, 0, 0, 0]     0.08 |        0
  0.1  24.0 | [0, 0, 0, 0, 0, 0, 0, 0, 1, 0, 0, 0]     0.08 |        0
  1.0   1.2 | [0, 0, 0, 0, 1, 2, 2, 0, 1, 0, 1, 2]     0.75 |        1
  1.0   6.0 | [2, 2, 2, 2, 2, 2, 2, 2, 2, 1, 2, 2]     1.92 |        1
  1.0  12.0 | [2, 2, 2, 2, 2, 2, 2, 3, 2, 2, 2, 3]     2.17 |        1
  1.0  24.0 | [2, 2, 2, 2, 2, 2, 2, 2, 2, 2, 2, 2]     2.00 |        1
  2.0   1.2 | [0, 0, 0, 0, 1, 2, 2, 0, 1, 0, 1, 2]     0.75 |        4
  2.0   6.0 | [3, 2, 2, 2, 3, 3, 3, 2, 2, 2, 3, 3]     2.50 |        4
  2.0  12.0 | [3, 3, 2, 3, 3, 4, 3, 4, 4, 4, 3, 4]     3.33 |        4
  2.0  24.0 | [4, 3, 3, 3, 4, 3, 4, 4, 4, 3, 3, 4]     3.50 |        4

C · rank del protocolo (implementación de referencia, d14k_ref)
    D     T | rank honesta                    media | rank completo                   media
  0.1   1.2 | [0, 0, 1, 0, 0, 0, 0, 0, 0, 0, 0, 0]   0.08 | [0, 0, 1, 0, 0, 0, 0, 1, 1, 0, 0, 0]   0.25
  0.1   6.0 | [0, 0, 0, 0, 0, 0, 0, 0, 0, 0, 0, 0]   0.00 | [0, 0, 0, 0, 0, 0, 0, 0, 0, 0, 0, 0]   0.00
  0.1  12.0 | [0, 0, 0, 0, 0, 0, 0, 1, 0, 1, 0, 0]   0.17 | [0, 0, 0, 0, 0, 0, 0, 0, 0, 0, 2, 0]   0.17
  0.1  24.0 | [0, 0, 0, 0, 1, 0, 0, 0, 0, 0, 0, 0]   0.08 | [0, 0, 0, 0, 0, 0, 0, 0, 0, 0, 0, 0]   0.00
  1.0   1.2 | [0, 0, 1, 2, 0, 0, 2, 0, 1, 1, 0, 2]   0.75 | [0, 0, 0, 0, 1, 2, 0, 1, 0, 0, 1, 2]   0.58
  1.0   6.0 | [0, 0, 0, 0, 0, 0, 0, 2, 0, 0, 0, 0]   0.17 | [0, 0, 2, 0, 1, 0, 1, 1, 0, 0, 0, 0]   0.42
  1.0  12.0 | [0, 1, 0, 0, 0, 1, 0, 0, 0, 1, 0, 2]   0.42 | [0, 0, 0, 0, 0, 1, 1, 0, 0, 0, 1, 0]   0.25
  1.0  24.0 | [1, 0, 0, 0, 2, 0, 1, 0, 2, 1, 0, 0]   0.58 | [0, 0, 0, 0, 0, 0, 0, 0, 0, 3, 0, 0]   0.25
  2.0   1.2 | [1, 0, 2, 2, 0, 0, 2, 0, 1, 1, 0, 2]   0.92 | [0, 0, 0, 0, 1, 2, 0, 1, 0, 0, 1, 3]   0.67
  2.0   6.0 | [2, 4, 2, 0, 0, 2, 1, 4, 1, 0, 1, 2]   1.58 | [0, 0, 0, 0, 4, 2, 1, 3, 0, 0, 2, 0]   1.00
  2.0  12.0 | [0, 0, 1, 0, 1, 1, 0, 1, 2, 0, 1, 3]   0.83 | [0, 0, 0, 0, 0, 0, 0, 0, 0, 0, 1, 0]   0.08
  2.0  24.0 | [0, 0, 1, 4, 1, 1, 0, 1, 2, 0, 1, 3]   1.17 | [0, 0, 0, 0, 1, 0, 0, 0, 0, 0, 0, 3]   0.33

D · reglas de cliente candidatas sobre la vista honesta (media de 12 semillas)
    D | T final | rank final |  1er rank==final |  1er rank<=final | objetivo
  0.1 |     1.2 |       0.08 |             0.36 |             0.27 |      1.2
  1.0 |     6.0 |       0.17 |             0.69 |             0.27 |      6.0
  2.0 |    12.0 |       0.83 |             0.87 |             0.27 |     12.0

E · cota optimista del paper en segundos: (ln(1/ε)+Dλ)/((1−2α)λ)+D²λ (:1007)
   D=0.1: 1.54 s  (figura 1.2 s)
   D=1.0: 6.75 s  (figura 6.0 s)
   D=2.0: 19.66 s  (figura 12.0 s)

VEREDICTO DEL CONTROL: PARCIAL. El k de M_kMC fiel cae en el rango publicado
(0 / 1-2 / 3-4 frente a 0/1/4; medias 0,2/1,9/3,3 con el atacante revelado), pero
la tabla exacta 1,2/6/12 s NO se reproduce: el paper no publica la regla de
cliente ni la simulación, y la implementación de referencia (rusty-kaspa@dagknight)
solo contiene el consenso (rank + tie-breaking), no el cliente. LAGUNA.
