======================================================================================================================
D8b — manipulación de k con la regla FIEL (12 semillas). Suelo 3k/((1−α)λ) vs baseline 3·30/((1−α)λ)
======================================================================================================================

A · k_ref (rank fiel): media[min,max] sobre 12 semillas
    α    Δ |      instant    retraso20    retraso60     burst300    parasita5     retro500
 0.10    1 |     0.2[0,1]     0.2[0,1]     0.1[0,1]     0.2[0,1]     0.2[0,1]     0.2[0,1]
 0.10    4 |     0.7[0,2]     0.4[0,2]     0.2[0,2]     0.7[0,2]     0.4[0,1]     0.4[0,1]
 0.10    8 |     1.5[0,4]     0.5[0,3]     0.6[0,3]     1.5[0,4]     0.8[0,3]     0.7[0,3]
 0.10   16 |     1.5[0,4]     2.2[0,7]     1.2[0,4]     1.5[0,4]     2.1[0,7]     0.4[0,5]
 0.10   20 |     2.6[0,9]     1.9[0,7]     2.6[0,8]     2.6[0,9]     0.2[0,3]     0.8[0,2]
----------------------------------------------------------------------------------------------------------------------
 0.25    1 |     0.1[0,1]     0.1[0,1]     0.1[0,1]     0.1[0,1]     0.1[0,1]     0.1[0,1]
 0.25    4 |     0.4[0,2]     0.2[0,2]     0.1[0,1]     0.4[0,2]     0.3[0,1]     0.3[0,1]
 0.25    8 |     0.6[0,3]     0.2[0,1]     0.0[0,0]     0.6[0,3]     0.3[0,2]     0.3[0,2]
 0.25   16 |     0.6[0,3]     0.6[0,4]     0.0[0,0]     0.6[0,3]     1.6[0,8]     0.3[0,1]
 0.25   20 |     0.6[0,3]     0.3[0,4]    1.1[0,10]     0.6[0,3]     0.8[0,9]     4.6[1,9]
----------------------------------------------------------------------------------------------------------------------
 0.40    1 |     0.0[0,0]     0.1[0,1]     0.0[0,0]     0.0[0,0]     0.1[0,1]     0.1[0,1]
 0.40    4 |     0.1[0,1]     0.0[0,0]     0.0[0,0]     0.1[0,1]     0.2[0,1]     0.2[0,1]
 0.40    8 |     0.1[0,1]     0.0[0,0]     0.0[0,0]     0.1[0,1]     0.2[0,2]     0.2[0,1]
 0.40   16 |     0.1[0,1]     0.0[0,0]     0.0[0,0]     0.1[0,1]     0.3[0,4]     1.4[0,3]
 0.40   20 |     0.1[0,1]     0.0[0,0]     0.0[0,0]     0.1[0,1]     0.7[0,3]    7.8[3,11]
----------------------------------------------------------------------------------------------------------------------

A · k_mkmc (M_kMC fiel): media[min,max] sobre 12 semillas
    α    Δ |      instant    retraso20    retraso60     burst300    parasita5     retro500
 0.10    1 |     0.0[0,0]     0.8[0,1]     0.8[0,1]     0.6[0,1]     0.8[0,1]     0.8[0,1]
 0.10    4 |     1.6[1,2]     2.0[2,2]     2.0[2,2]     2.0[2,2]     2.0[2,2]     2.0[2,2]
 0.10    8 |     2.4[2,3]     4.0[4,4]     4.0[4,4]     3.8[3,4]     4.0[4,4]     4.0[4,4]
 0.10   16 |     3.7[3,4]     4.8[4,5]     7.5[7,8]     6.6[6,7]     7.9[7,8]     7.9[7,8]
 0.10   20 |     3.8[3,4]     4.8[4,5]     8.1[7,9]     7.8[7,9]    9.9[9,11]    9.9[9,11]
----------------------------------------------------------------------------------------------------------------------
 0.25    1 |     0.0[0,0]     1.0[1,1]     1.0[1,1]     0.7[0,1]     1.0[1,1]     1.0[1,1]
 0.25    4 |     0.2[0,1]     2.2[2,3]     2.2[2,3]     2.0[2,2]     2.2[2,3]     2.2[2,3]
 0.25    8 |     1.0[1,1]     4.0[4,4]     4.1[4,5]     3.2[3,4]     4.0[4,4]     4.0[4,4]
 0.25   16 |     1.0[1,1]     4.7[4,5]     7.9[7,9]     5.8[5,7]     7.9[7,8]     8.0[7,9]
 0.25   20 |     1.0[1,1]     4.6[4,5]    9.2[8,11]     6.8[5,8]   10.0[9,11]   10.0[9,11]
----------------------------------------------------------------------------------------------------------------------
 0.40    1 |     0.0[0,0]     1.1[1,2]     1.2[1,2]     0.2[0,1]     1.2[1,2]     1.2[1,2]
 0.40    4 |     0.0[0,0]     2.8[2,3]     2.9[2,3]     1.5[1,2]     3.0[3,3]     3.0[3,3]
 0.40    8 |     0.0[0,0]     4.0[4,4]     4.7[4,5]     1.8[1,2]     4.9[4,5]     4.9[4,5]
 0.40   16 |     0.0[0,0]     5.2[5,6]     8.2[7,9]     1.9[1,3]     8.0[7,9]     8.5[8,9]
 0.40   20 |     0.0[0,0]     5.3[5,6]   10.2[9,11]     1.9[1,3]    9.8[9,10]    9.9[9,11]
----------------------------------------------------------------------------------------------------------------------

B · fracción honesta media del cluster ganador de k_ref (oráculo)
    α    Δ |      instant    retraso20    retraso60     burst300    parasita5     retro500
 0.10    1 |         0.91         0.93         0.93         0.95         1.00         1.00
 0.10    4 |         0.77         0.90         0.92         0.80         1.00         1.00
 0.10    8 |         0.74         0.81         0.87         0.76         1.00         1.00
 0.10   16 |         0.69         0.36         0.67         0.66         1.00         0.93
 0.10   20 |         0.71         0.34         0.57         0.70         0.93         0.94
 0.25    1 |         0.74         0.62         0.44         0.88         1.00         0.99
 0.25    4 |         0.59         0.30         0.16         0.47         1.00         0.99
 0.25    8 |         0.55         0.19         0.08         0.44         1.00         0.98
 0.25   16 |         0.54         0.10         0.13         0.52         0.99         0.93
 0.25   20 |         0.54         0.08         0.26         0.49         0.92         0.97
 0.40    1 |         0.52         0.40         0.36         0.56         1.00         0.99
 0.40    4 |         0.45         0.05         0.01         0.28         1.00         0.98
 0.40    8 |         0.43         0.01         0.08         0.32         1.00         0.97
 0.40   16 |         0.43         0.00         0.14         0.33         0.95         0.95
 0.40   20 |         0.43         0.00         0.05         0.37         0.92         0.98

C · SUELO bajo la peor estrategia (max k sobre estrategias): 3k/((1−α)λ) vs baseline
   -- k_ref --
      α=0.10 baseline 100.0s | Δ=1.0:    3.3s | Δ=4.0:    6.7s | Δ=8.0:   13.3s | Δ=16.0:   23.3s | Δ=20.0:   30.0s
      α=0.25 baseline 120.0s | Δ=1.0:    4.0s | Δ=4.0:    8.0s | Δ=8.0:   12.0s | Δ=16.0:   32.0s | Δ=20.0:   40.0s
      α=0.40 baseline 150.0s | Δ=1.0:    5.0s | Δ=4.0:    5.0s | Δ=8.0:   10.0s | Δ=16.0:   20.0s | Δ=20.0:   55.0s
   -- k_mkmc --
      α=0.10 baseline 100.0s | Δ=1.0:    3.3s | Δ=4.0:    6.7s | Δ=8.0:   13.3s | Δ=16.0:   26.7s | Δ=20.0:   36.7s
      α=0.25 baseline 120.0s | Δ=1.0:    4.0s | Δ=4.0:   12.0s | Δ=8.0:   20.0s | Δ=16.0:   36.0s | Δ=20.0:   44.0s
      α=0.40 baseline 150.0s | Δ=1.0:   10.0s | Δ=4.0:   15.0s | Δ=8.0:   25.0s | Δ=16.0:   45.0s | Δ=20.0:   55.0s
   -- k_hon (M3) --
      α=0.10 baseline 100.0s | Δ=1.0:    0.0s | Δ=4.0:   10.0s | Δ=8.0:   23.3s | Δ=16.0:   73.3s | Δ=20.0:  123.3s
      α=0.25 baseline 120.0s | Δ=1.0:    4.0s | Δ=4.0:   16.0s | Δ=8.0:   40.0s | Δ=16.0:   84.0s | Δ=20.0:  144.0s
      α=0.40 baseline 150.0s | Δ=1.0:    5.0s | Δ=4.0:   30.0s | Δ=8.0:   95.0s | Δ=16.0:  130.0s | Δ=20.0:  170.0s

D · mitigaciones en Δ≥16 (peor caso). Media[min,max] del k resultante y del suelo
    α    Δ  estrategia |   k_ref  k_cap4  k_cap8 k_cap16 k_chain   k_hon | suelo_ref suelo_hon
 0.10   16   retraso60 | 1.2[0,4]     1.2     1.2     1.2 28.0[28,28] 15.0[15,15] |       4.2      50.0
 0.10   16   parasita5 | 2.1[0,7]     1.6     2.1     2.1      --      -- |       6.9       nan
 0.10   16    burst300 | 1.5[0,4]     1.5     1.5     1.5 24.5[22,27] 14.5[13,16] |       5.0      48.3
 0.10   20   retraso60 | 2.6[0,8]     1.7     2.6     2.6 36.0[36,36] 23.0[23,23] |       8.6      76.7
 0.10   20   parasita5 | 0.2[0,3]     0.2     0.2     0.2      -- 25.0[20,37] |       0.8      83.3
 0.10   20    burst300 | 2.6[0,9]     1.9     2.5     2.6 24.5[16,33] 22.5[22,23] |       8.6      75.0
 0.25   16   retraso60 | 0.0[0,0]     0.0     0.0     0.0 13.0[0,27] 17.2[14,19] |       0.0      69.0
 0.25   16   parasita5 | 1.6[0,8]     1.1     1.6     1.6      -- 15.0[11,21] |       6.3      60.0
 0.25   16    burst300 | 0.6[0,3]     0.6     0.6     0.6 23.3[11,37] 12.0[11,13] |       2.3      48.0
 0.25   20   retraso60 | 1.1[0,10]     0.6     0.9     1.1 8.0[0,32] 27.2[19,36] |       4.3     108.8
 0.25   20   parasita5 | 0.8[0,9]     0.4     0.8     0.8      -- 21.1[13,35] |       3.3      84.3
 0.25   20    burst300 | 0.6[0,3]     0.6     0.6     0.6 28.7[22,38] 16.7[14,20] |       2.3      66.7
 0.40   16   retraso60 | 0.0[0,0]     0.0     0.0     0.0 11.8[0,23] 17.2[12,26] |       0.0      86.0
 0.40   16   parasita5 | 0.3[0,4]     0.3     0.3     0.3      -- 11.7[9,26] |       1.7      58.3
 0.40   16    burst300 | 0.1[0,1]     0.1     0.1     0.1 21.9[4,38] 15.1[6,26] |       0.4      75.6
 0.40   20   retraso60 | 0.0[0,0]     0.0     0.0     0.0 5.5[0,33] 25.5[18,34] |       0.0     127.5
 0.40   20   parasita5 | 0.7[0,3]     0.7     0.7     0.7      -- 13.1[11,19] |       3.3      65.5
 0.40   20    burst300 | 0.1[0,1]     0.1     0.1     0.1 13.7[5,26] 13.0[9,21] |       0.4      65.0

E · umbral de Δ: mayor Δ donde el suelo con k_ref sigue por debajo del baseline
   α=0.10: Δ máximo con ganancia (k_ref) = 20.0  (baseline 100.0 s)
   α=0.25: Δ máximo con ganancia (k_ref) = 20.0  (baseline 120.0 s)
   α=0.40: Δ máximo con ganancia (k_ref) = 20.0  (baseline 150.0 s)
