================================================================================================================================
ATAQUE 2 — retención + cadena privada (sp con retraso). Regla FIEL vs mitigaciones.
captura = ganador atacante y tip honesto fuera de su pasado; cong = rama honesta no
aceptable por la regla (no confirma). 12 semillas por celda. Δ=16/20 s, α=0,25/0,40.
================================================================================================================================

α=0.25 Δ=16 — captura D8b | captura_ref (cong)/12 por estrategia y regla
captura_ref = el ganador atacante ni contiene el tip honesto en su pasado ni lo
colorea azul (censura real). cong = la rama honesta no es aceptable por la regla.
           regla |             instant |           retraso20 |        retraso20_sp |        retraso60_sp
         M0_fiel |    0|   0 ( 0) |    8|   8 ( 0) |    6|   5 ( 0) |    8|   7 ( 0)
         M1_cap4 |    0|   0 ( 0) |    8|   8 ( 0) |    4|   3 ( 4) |    6|   6 ( 2)
         M1_cap8 |    0|   0 ( 0) |    8|   8 ( 0) |    5|   4 ( 1) |    6|   6 ( 2)
        M1_cap16 |    0|   0 ( 0) |    8|   8 ( 0) |    6|   5 ( 0) |    8|   7 ( 0)
       M2_cadena |    0|   0 ( 6) |    0|   0 ( 8) |    0|   0 (12) |    0|   0 (12)
     M2h_cad_hon |    0|   0 ( 0) |    6|   0 ( 0) |    5|   0 ( 0) |    5|   0 ( 2)
       M3_cierre |    0|   0 ( 0) |    8|   8 ( 2) |    7|   3 ( 0) |    6|   0 ( 4)
      M4_mayoria |    0|   0 ( 0) |    1|   1 ( 0) |    5|   3 ( 0) |    7|   7 ( 0)
     M5_rank_hon |    0|   0 ( 4) |    8|   8 ( 4) |    6|   5 ( 0) |    8|   7 ( 0)
       R1_mi_tip |    0|   0 (12) |    0|   0 (12) |    0|   0 (12) |    0|   0 (12)
     R1b_cluster |    0|   0 ( 4) |    0|   0 ( 5) |    1|   0 ( 3) |    1|   0 ( 6)
           R1bM4 |    0|   0 ( 4) |    0|   0 ( 5) |    1|   0 ( 3) |    0|   0 ( 6)
            M2M3 |    0|   0 ( 6) |    0|   0 (10) |    0|   0 (12) |    0|   0 (12)
            M2M4 |    0|   0 ( 6) |    0|   0 ( 8) |    0|   0 (12) |    0|   0 (12)
           M2hM3 |    0|   0 ( 0) |    6|   0 ( 2) |    4|   0 ( 2) |    3|   0 ( 7)
           M2hM4 |    0|   0 ( 0) |    0|   0 ( 1) |    5|   0 ( 0) |    5|   0 ( 2)
         M2hM3M4 |    0|   0 ( 0) |    0|   0 ( 3) |    4|   0 ( 2) |    3|   0 ( 7)
            M3M4 |    0|   0 ( 0) |    1|   1 ( 2) |    7|   3 ( 0) |    5|   0 ( 4)
            R1M4 |    0|   0 (12) |    0|   0 (12) |    0|   0 (12) |    0|   0 (12)
          M2M3M4 |    0|   0 ( 6) |    0|   0 (10) |    0|   0 (12) |    0|   0 (12)
         cap8_M4 |    0|   0 ( 0) |    1|   1 ( 1) |    5|   2 ( 1) |    6|   6 ( 2)

α=0.25 Δ=20 — captura D8b | captura_ref (cong)/12 por estrategia y regla
captura_ref = el ganador atacante ni contiene el tip honesto en su pasado ni lo
colorea azul (censura real). cong = la rama honesta no es aceptable por la regla.
           regla |             instant |           retraso20 |        retraso20_sp |        retraso60_sp
         M0_fiel |    0|   0 ( 0) |    8|   8 ( 0) |    6|   6 ( 0) |    5|   5 ( 0)
         M1_cap4 |    0|   0 ( 0) |    8|   8 ( 0) |    5|   5 ( 3) |    3|   3 ( 3)
         M1_cap8 |    0|   0 ( 0) |    8|   8 ( 0) |    5|   5 ( 1) |    4|   4 ( 1)
        M1_cap16 |    0|   0 ( 0) |    8|   8 ( 0) |    6|   6 ( 0) |    4|   4 ( 1)
       M2_cadena |    0|   0 ( 6) |    0|   0 ( 8) |    0|   0 (12) |    0|   0 (12)
     M2h_cad_hon |    0|   0 ( 0) |    6|   0 ( 0) |    4|   0 ( 1) |    3|   0 ( 4)
       M3_cierre |    0|   0 ( 0) |    7|   7 ( 4) |    5|   2 ( 1) |    4|   3 ( 7)
      M4_mayoria |    0|   0 ( 0) |    2|   1 ( 0) |    5|   3 ( 0) |    5|   5 ( 0)
     M5_rank_hon |    0|   0 ( 4) |    8|   8 ( 4) |    6|   6 ( 0) |    5|   5 ( 0)
       R1_mi_tip |    0|   0 (12) |    0|   0 (12) |    0|   0 (12) |    0|   0 (12)
     R1b_cluster |    0|   0 ( 4) |    0|   0 ( 5) |    0|   0 ( 4) |    0|   0 ( 4)
           R1bM4 |    0|   0 ( 4) |    0|   0 ( 5) |    0|   0 ( 4) |    0|   0 ( 4)
            M2M3 |    0|   0 ( 6) |    0|   0 (12) |    0|   0 (12) |    0|   0 (12)
            M2M4 |    0|   0 ( 6) |    0|   0 ( 8) |    0|   0 (12) |    0|   0 (12)
           M2hM3 |    0|   0 ( 0) |    6|   0 ( 4) |    2|   0 ( 3) |    3|   0 ( 7)
           M2hM4 |    0|   0 ( 0) |    1|   0 ( 0) |    4|   0 ( 1) |    3|   0 ( 4)
         M2hM3M4 |    0|   0 ( 0) |    1|   0 ( 4) |    2|   0 ( 3) |    3|   0 ( 7)
            M3M4 |    0|   0 ( 0) |    1|   1 ( 4) |    5|   1 ( 1) |    4|   3 ( 7)
            R1M4 |    0|   0 (12) |    0|   0 (12) |    0|   0 (12) |    0|   0 (12)
          M2M3M4 |    0|   0 ( 6) |    0|   0 (12) |    0|   0 (12) |    0|   0 (12)
         cap8_M4 |    0|   0 ( 0) |    2|   1 ( 2) |    4|   2 ( 1) |    4|   4 ( 1)

α=0.40 Δ=16 — captura D8b | captura_ref (cong)/12 por estrategia y regla
captura_ref = el ganador atacante ni contiene el tip honesto en su pasado ni lo
colorea azul (censura real). cong = la rama honesta no es aceptable por la regla.
           regla |             instant |           retraso20 |        retraso20_sp |        retraso60_sp
         M0_fiel |    0|   0 ( 0) |    5|   5 ( 0) |    9|   9 ( 0) |   12|  12 ( 0)
         M1_cap4 |    0|   0 ( 0) |    5|   5 ( 0) |    8|   8 ( 1) |    8|   8 ( 4)
         M1_cap8 |    0|   0 ( 0) |    5|   5 ( 0) |    9|   9 ( 0) |   10|  10 ( 2)
        M1_cap16 |    0|   0 ( 0) |    5|   5 ( 0) |    9|   9 ( 0) |   12|  12 ( 0)
       M2_cadena |    0|   0 ( 3) |    0|   0 ( 5) |    0|   0 (12) |    0|   0 (12)
     M2h_cad_hon |    0|   0 ( 0) |    3|   0 ( 0) |    8|   0 ( 0) |    5|   0 ( 5)
       M3_cierre |    0|   0 ( 0) |    5|   5 ( 2) |    4|   3 ( 0) |    8|   4 ( 3)
      M4_mayoria |    0|   0 ( 0) |    0|   0 ( 1) |    8|   6 ( 0) |    9|   6 ( 2)
     M5_rank_hon |    0|   0 ( 7) |    5|   5 ( 7) |    9|   9 ( 0) |   12|  12 ( 0)
       R1_mi_tip |    0|   0 (12) |    0|   0 (12) |    0|   0 (12) |    0|   0 (12)
     R1b_cluster |    0|   0 ( 7) |    0|   0 ( 7) |    0|   0 ( 7) |    0|   0 ( 9)
           R1bM4 |    0|   0 ( 7) |    0|   0 ( 8) |    0|   0 ( 7) |    0|   0 ( 9)
            M2M3 |    0|   0 ( 3) |    0|   0 ( 7) |    0|   0 (12) |    0|   0 (12)
            M2M4 |    0|   0 ( 3) |    0|   0 ( 5) |    0|   0 (12) |    0|   0 (12)
           M2hM3 |    0|   0 ( 0) |    3|   0 ( 2) |    7|   0 ( 1) |    3|   0 ( 7)
           M2hM4 |    0|   0 ( 0) |    0|   0 ( 1) |    9|   0 ( 0) |    5|   0 ( 5)
         M2hM3M4 |    0|   0 ( 0) |    0|   0 ( 3) |    8|   0 ( 1) |    3|   0 ( 7)
            M3M4 |    0|   0 ( 0) |    0|   0 ( 3) |    4|   3 ( 0) |    5|   1 ( 5)
            R1M4 |    0|   0 (12) |    0|   0 (12) |    0|   0 (12) |    0|   0 (12)
          M2M3M4 |    0|   0 ( 3) |    0|   0 ( 7) |    0|   0 (12) |    0|   0 (12)
         cap8_M4 |    0|   0 ( 0) |    0|   0 ( 2) |    9|   6 ( 1) |    8|   5 ( 4)

α=0.40 Δ=20 — captura D8b | captura_ref (cong)/12 por estrategia y regla
captura_ref = el ganador atacante ni contiene el tip honesto en su pasado ni lo
colorea azul (censura real). cong = la rama honesta no es aceptable por la regla.
           regla |             instant |           retraso20 |        retraso20_sp |        retraso60_sp
         M0_fiel |    0|   0 ( 0) |    5|   5 ( 0) |   11|   9 ( 0) |    7|   5 ( 0)
         M1_cap4 |    0|   0 ( 0) |    5|   5 ( 0) |   10|   9 ( 1) |    3|   3 ( 6)
         M1_cap8 |    0|   0 ( 0) |    5|   5 ( 0) |   10|   9 ( 1) |    5|   4 ( 3)
        M1_cap16 |    0|   0 ( 0) |    5|   5 ( 0) |   11|   9 ( 0) |    7|   5 ( 0)
       M2_cadena |    0|   0 ( 3) |    0|   0 ( 5) |    0|   0 (12) |    0|   0 (12)
     M2h_cad_hon |    0|   0 ( 0) |    2|   0 ( 0) |    7|   0 ( 0) |    5|   0 ( 1)
       M3_cierre |    0|   0 ( 0) |    5|   5 ( 5) |    8|   5 ( 0) |    8|   2 ( 0)
      M4_mayoria |    0|   0 ( 0) |    0|   0 ( 1) |    6|   1 ( 1) |    6|   5 ( 0)
     M5_rank_hon |    0|   0 ( 7) |    5|   5 ( 7) |   11|   9 ( 0) |    7|   5 ( 0)
       R1_mi_tip |    0|   0 (12) |    0|   0 (12) |    0|   0 (12) |    0|   0 (12)
     R1b_cluster |    0|   0 ( 7) |    0|   0 ( 7) |    5|   0 ( 2) |    2|   0 ( 3)
           R1bM4 |    0|   0 ( 7) |    0|   0 ( 8) |    5|   0 ( 2) |    1|   0 ( 5)
            M2M3 |    0|   0 ( 3) |    0|   0 (10) |    0|   0 (12) |    0|   0 (12)
            M2M4 |    0|   0 ( 3) |    0|   0 ( 5) |    0|   0 (12) |    0|   0 (12)
           M2hM3 |    0|   0 ( 0) |    2|   0 ( 5) |    5|   0 ( 3) |    5|   0 ( 1)
           M2hM4 |    0|   0 ( 0) |    0|   0 ( 1) |    5|   0 ( 1) |    4|   0 ( 3)
         M2hM3M4 |    0|   0 ( 0) |    0|   0 ( 6) |    3|   0 ( 4) |    4|   0 ( 3)
            M3M4 |    0|   0 ( 0) |    0|   0 ( 6) |    5|   2 ( 1) |    6|   1 ( 1)
            R1M4 |    0|   0 (12) |    0|   0 (12) |    0|   0 (12) |    0|   0 (12)
          M2M3M4 |    0|   0 ( 3) |    0|   0 (10) |    0|   0 (12) |    0|   0 (12)
         cap8_M4 |    0|   0 ( 0) |    0|   0 ( 2) |    7|   0 ( 3) |    5|   4 ( 4)

================================================================================================================================
k efectivo del subgrupo del tip honesto (media[mín,máx] sobre 12 semillas; None = congelación)
================================================================================================================================

α=0.25 Δ=16
           regla |           instant |         retraso20 |      retraso20_sp |      retraso60_sp
         M0_fiel |   0.9[0,3] |   4.4[0,13] |   3.2[0,12] |   3.2[0,15]
         M1_cap4 |   0.9[0,3] |   1.0[0,4] |   0.6[0,3] |   0.9[0,3]
         M1_cap8 |   0.9[0,3] |   3.1[0,8] |   1.7[0,6] |   0.9[0,3]
        M1_cap16 |   0.9[0,3] |   4.4[0,13] |   3.2[0,12] |   3.2[0,15]
       M2_cadena |  10.0[9,11] |                -- |                -- |                --
     M2h_cad_hon |   3.4[0,11] |   6.2[4,13] |  14.1[0,39] |  16.8[2,30]
       M3_cierre |   5.9[0,28] |   4.4[0,13] |  20.5[6,40] |  21.3[15,37]
      M4_mayoria |   1.1[0,3] |   7.0[4,13] |   5.1[0,17] |   3.2[0,15]
     M5_rank_hon |   0.9[0,3] |   4.4[0,13] |   3.2[0,12] |   3.2[0,15]
       R1_mi_tip |                -- |                -- |                -- |                --
     R1b_cluster |   0.9[0,3] |   7.0[4,13] |   3.5[0,12] |   3.6[0,15]
           R1bM4 |   1.1[0,3] |   7.0[4,13] |   3.9[0,12] |   3.6[0,15]
            M2M3 |  20.0[12,28] |                -- |                -- |                --
            M2M4 |  10.0[9,11] |                -- |                -- |                --
           M2hM3 |   5.9[0,28] |   6.2[4,13] |  22.8[6,40] |  22.2[15,37]
           M2hM4 |   3.4[0,11] |   7.0[4,13] |  14.8[0,39] |  16.8[2,30]
         M2hM3M4 |   5.9[0,28] |   7.0[4,13] |  22.8[6,40] |  22.2[15,37]
            M3M4 |   5.9[0,28] |   7.0[4,13] |  20.5[6,40] |  21.3[15,37]
            R1M4 |                -- |                -- |                -- |                --
          M2M3M4 |  20.0[12,28] |                -- |                -- |                --
         cap8_M4 |   1.1[0,3] |   5.5[4,8] |   4.0[0,17] |   0.9[0,3]

α=0.25 Δ=20
           regla |           instant |         retraso20 |      retraso20_sp |      retraso60_sp
         M0_fiel |   0.9[0,3] |   3.8[0,13] |   5.9[0,16] |   3.5[0,22]
         M1_cap4 |   0.9[0,3] |   0.8[0,4] |   1.3[0,4] |   0.7[0,3]
         M1_cap8 |   0.9[0,3] |   2.4[0,8] |   2.4[0,6] |   1.8[0,8]
        M1_cap16 |   0.9[0,3] |   3.8[0,13] |   5.9[0,16] |   1.8[0,8]
       M2_cadena |  10.0[9,11] |                -- |                -- |                --
     M2h_cad_hon |   3.4[0,11] |   6.0[3,13] |  13.9[3,38] |  22.8[6,40]
       M3_cierre |   5.9[0,28] |   5.4[0,13] |  17.8[8,31] |  15.4[5,22]
      M4_mayoria |   1.1[0,3] |   7.0[4,13] |   9.8[1,24] |   3.8[0,22]
     M5_rank_hon |   0.9[0,3] |   3.8[0,13] |   5.9[0,16] |   3.5[0,22]
       R1_mi_tip |                -- |                -- |                -- |                --
     R1b_cluster |   0.9[0,3] |   7.5[4,13] |   8.4[1,16] |   3.5[0,22]
           R1bM4 |   1.1[0,3] |   7.5[4,13] |   8.4[1,16] |   3.9[0,22]
            M2M3 |  20.0[12,28] |                -- |                -- |                --
            M2M4 |  10.0[9,11] |                -- |                -- |                --
           M2hM3 |   5.9[0,28] |   7.2[4,13] |  18.3[8,31] |  22.6[14,40]
           M2hM4 |   3.4[0,11] |   7.0[4,13] |  14.0[3,38] |  22.8[6,40]
         M2hM3M4 |   5.9[0,28] |   8.6[4,13] |  18.4[8,31] |  22.6[14,40]
            M3M4 |   5.9[0,28] |   8.6[4,13] |  18.4[8,31] |  15.4[5,22]
            R1M4 |                -- |                -- |                -- |                --
          M2M3M4 |  20.0[12,28] |                -- |                -- |                --
         cap8_M4 |   1.1[0,3] |   5.5[4,8] |   8.2[1,24] |   2.2[0,8]

α=0.40 Δ=16
           regla |           instant |         retraso20 |      retraso20_sp |      retraso60_sp
         M0_fiel |   0.2[0,1] |   5.6[0,14] |   4.2[0,25] |   4.2[0,17]
         M1_cap4 |   0.2[0,1] |   2.7[0,4] |   1.3[0,4] |   0.9[0,4]
         M1_cap8 |   0.2[0,1] |   3.5[0,6] |   1.7[0,5] |   1.3[0,5]
        M1_cap16 |   0.2[0,1] |   5.6[0,14] |   2.4[0,9] |   3.1[0,13]
       M2_cadena |   8.5[6,11] |                -- |                -- |                --
     M2h_cad_hon |   3.6[0,11] |   6.8[4,14] |  18.1[0,35] |  16.6[10,24]
       M3_cierre |   4.8[0,12] |   5.6[0,14] |  15.7[0,28] |  15.3[0,33]
      M4_mayoria |   0.8[0,2] |   7.0[4,14] |   8.5[3,25] |   7.5[0,18]
     M5_rank_hon |   0.2[0,1] |   5.6[0,14] |   4.2[0,25] |   4.2[0,17]
       R1_mi_tip |                -- |                -- |                -- |                --
     R1b_cluster |   0.2[0,1] |   7.0[4,14] |   9.3[0,25] |  15.0[13,17]
           R1bM4 |   0.8[0,2] |   7.0[4,14] |  13.0[3,25] |  15.0[13,17]
            M2M3 |  11.5[11,12] |                -- |                -- |                --
            M2M4 |   8.5[6,11] |                -- |                -- |                --
           M2hM3 |   4.8[0,12] |   6.8[4,14] |  20.5[0,35] |  18.2[13,30]
           M2hM4 |   3.6[0,11] |   7.0[4,14] |  19.0[4,35] |  16.6[10,24]
         M2hM3M4 |   4.8[0,12] |   7.0[4,14] |  21.5[5,35] |  18.2[13,30]
            M3M4 |   4.8[0,12] |   7.0[4,14] |  17.5[4,28] |  18.7[7,33]
            R1M4 |                -- |                -- |                -- |                --
          M2M3M4 |  11.5[11,12] |                -- |                -- |                --
         cap8_M4 |   0.8[0,2] |   4.7[4,6] |   6.8[3,12] |   5.1[0,18]

α=0.40 Δ=20
           regla |           instant |         retraso20 |      retraso20_sp |      retraso60_sp
         M0_fiel |   0.2[0,1] |   5.4[0,14] |   5.8[0,17] |   5.9[0,16]
         M1_cap4 |   0.2[0,1] |   2.7[0,4] |   0.6[0,3] |   0.8[0,3]
         M1_cap8 |   0.2[0,1] |   3.2[0,5] |   1.2[0,6] |   3.0[0,7]
        M1_cap16 |   0.2[0,1] |   5.4[0,14] |   4.8[0,15] |   5.9[0,16]
       M2_cadena |   8.5[6,11] |                -- |                -- |                --
     M2h_cad_hon |   3.6[0,11] |   6.6[4,14] |  16.7[3,34] |  15.8[6,33]
       M3_cierre |   4.8[0,12] |   5.4[0,14] |  10.6[0,19] |  24.7[13,36]
      M4_mayoria |   0.8[0,2] |   6.8[4,14] |  17.0[4,39] |   6.6[1,16]
     M5_rank_hon |   0.2[0,1] |   5.4[0,14] |   5.8[0,17] |   5.9[0,16]
       R1_mi_tip |                -- |                -- |                -- |                --
     R1b_cluster |   0.2[0,1] |   6.8[4,14] |  10.4[3,15] |   6.8[0,16]
           R1bM4 |   0.8[0,2] |   6.8[4,14] |  11.0[6,15] |   7.2[1,16]
            M2M3 |  11.5[11,12] |                -- |                -- |                --
            M2M4 |   8.5[6,11] |                -- |                -- |                --
           M2hM3 |   4.8[0,12] |   6.6[4,14] |  19.1[9,34] |  23.6[13,35]
           M2hM4 |   3.6[0,11] |   6.8[4,14] |  21.4[6,39] |  16.2[6,33]
         M2hM3M4 |   4.8[0,12] |   6.8[4,14] |  23.0[14,34] |  25.3[15,35]
            M3M4 |   4.8[0,12] |   6.8[4,14] |  19.9[14,33] |  26.4[15,36]
            R1M4 |                -- |                -- |                -- |                --
          M2M3M4 |  11.5[11,12] |                -- |                -- |                --
         cap8_M4 |   0.8[0,2] |   4.3[4,5] |  18.3[4,39] |   4.4[1,7]

================================================================================================================================
SUELO de latencia 3·k/((1−α)λ) del k efectivo del subgrupo del tip honesto, ε=1e-6
(m(α,ε) para α=0,25/0,40 = 30/11) — media sobre 12 semillas, Δ=16/20
================================================================================================================================

α=0.25: baseline k=30 -> 120.0 s; m(α,1e-6)=13
           regla |           instant |         retraso20 |      retraso20_sp |      retraso60_sp
         M0_fiel |     17.3[ 17.3] |     24.0[ 17.3] |     26.1[ 17.3] |     24.6[ 17.3]
         M1_cap4 |     17.3[ 17.3] |     17.3[ 17.3] |     17.3[ 17.3] |     17.3[ 17.3]
         M1_cap8 |     17.3[ 17.3] |     20.0[ 17.3] |     18.6[ 17.3] |     18.3[ 17.3]
        M1_cap16 |     17.3[ 17.3] |     24.0[ 17.3] |     26.1[ 17.3] |     21.8[ 17.3]
       M2_cadena |     40.0[ 36.0] |                -- |                -- |                --
     M2h_cad_hon |     23.0[ 17.3] |     25.2[ 17.3] |     57.4[ 17.3] |     78.3[ 17.3]
       M3_cierre |     33.0[ 17.3] |     26.2[ 17.3] |     76.8[ 24.0] |     75.3[ 20.0]
      M4_mayoria |     17.3[ 17.3] |     28.3[ 17.3] |     34.1[ 17.3] |     24.6[ 17.3]
     M5_rank_hon |     17.3[ 17.3] |     24.0[ 17.3] |     26.1[ 17.3] |     24.6[ 17.3]
       R1_mi_tip |                -- |                -- |                -- |                --
     R1b_cluster |     17.3[ 17.3] |     29.2[ 17.3] |     29.3[ 17.3] |     26.6[ 17.3]
           R1bM4 |     17.3[ 17.3] |     29.2[ 17.3] |     29.3[ 17.3] |     26.6[ 17.3]
            M2M3 |     80.0[ 48.0] |                -- |                -- |                --
            M2M4 |     40.0[ 36.0] |                -- |                -- |                --
           M2hM3 |     33.0[ 17.3] |     27.3[ 17.3] |     82.7[ 24.0] |     89.6[ 56.0]
           M2hM4 |     23.0[ 17.3] |     28.3[ 17.3] |     59.1[ 17.3] |     78.3[ 17.3]
         M2hM3M4 |     33.0[ 17.3] |     31.5[ 17.3] |     82.9[ 24.0] |     89.6[ 56.0]
            M3M4 |     33.0[ 17.3] |     31.5[ 17.3] |     78.1[ 24.0] |     75.3[ 20.0]
            R1M4 |                -- |                -- |                -- |                --
          M2M3M4 |     80.0[ 48.0] |                -- |                -- |                --
         cap8_M4 |     17.3[ 17.3] |     22.3[ 17.3] |     29.2[ 17.3] |     18.3[ 17.3]

α=0.40: baseline k=30 -> 150.0 s; m(α,1e-6)=35
           regla |           instant |         retraso20 |      retraso20_sp |      retraso60_sp
         M0_fiel |     58.3[ 58.3] |     60.7[ 58.3] |     63.9[ 58.3] |     60.7[ 58.3]
         M1_cap4 |     58.3[ 58.3] |     58.3[ 58.3] |     58.3[ 58.3] |     58.3[ 58.3]
         M1_cap8 |     58.3[ 58.3] |     58.3[ 58.3] |     58.3[ 58.3] |     58.3[ 58.3]
        M1_cap16 |     58.3[ 58.3] |     60.7[ 58.3] |     60.2[ 58.3] |     59.6[ 58.3]
       M2_cadena |     58.3[ 58.3] |                -- |                -- |                --
     M2h_cad_hon |     58.3[ 58.3] |     60.7[ 58.3] |     94.0[ 58.3] |     85.2[ 58.3]
       M3_cierre |     58.7[ 58.3] |     60.7[ 58.3] |     84.6[ 58.3] |    108.3[ 58.3]
      M4_mayoria |     58.3[ 58.3] |     61.2[ 58.3] |     77.9[ 58.3] |     62.7[ 58.3]
     M5_rank_hon |     58.3[ 58.3] |     60.7[ 58.3] |     63.9[ 58.3] |     60.7[ 58.3]
       R1_mi_tip |                -- |                -- |                -- |                --
     R1b_cluster |     58.3[ 58.3] |     61.2[ 58.3] |     71.7[ 58.3] |     64.0[ 58.3]
           R1bM4 |     58.3[ 58.3] |     61.2[ 58.3] |     71.7[ 58.3] |     65.2[ 58.3]
            M2M3 |     59.2[ 58.3] |                -- |                -- |                --
            M2M4 |     58.3[ 58.3] |                -- |                -- |                --
           M2hM3 |     58.7[ 58.3] |     60.7[ 58.3] |    104.8[ 58.3] |    109.7[ 65.0]
           M2hM4 |     58.3[ 58.3] |     61.2[ 58.3] |    104.5[ 58.3] |     87.1[ 58.3]
         M2hM3M4 |     58.7[ 58.3] |     61.2[ 58.3] |    112.6[ 58.3] |    113.9[ 65.0]
            M3M4 |     58.7[ 58.3] |     61.2[ 58.3] |     96.4[ 58.3] |    117.5[ 58.3]
            R1M4 |                -- |                -- |                -- |                --
          M2M3M4 |     59.2[ 58.3] |                -- |                -- |                --
         cap8_M4 |     58.3[ 58.3] |     58.3[ 58.3] |     76.9[ 58.3] |     60.6[ 58.3]
