================================================================================================================================
MITIGACIONES SOBRE LA VISTA REAL DEL CLIENTE (entrega <= T) — 12 semillas
celda = captura D8b | captura_ref (congelación). captura_ref = censura real.
================================================================================================================================

α=0.25 Δ=16
           regla |             instant |           retraso20 |        retraso20_sp |        retraso60_sp
         M0_fiel |    0|   0 ( 0) |   12|  12 ( 0) |    7|   6 ( 0) |    0|   0 ( 0)
         M1_cap4 |    0|   0 ( 0) |   12|  12 ( 0) |    5|   5 ( 4) |    0|   0 ( 3)
         M1_cap8 |    0|   0 ( 0) |   12|  12 ( 0) |    7|   6 ( 0) |    0|   0 ( 1)
        M1_cap16 |    0|   0 ( 0) |   12|  12 ( 0) |    7|   6 ( 0) |    0|   0 ( 0)
       M2_cadena |    0|   0 ( 9) |    0|   0 (12) |    0|   0 (12) |    0|   0 (12)
     M2h_cad_hon |    0|   0 ( 0) |    9|   0 ( 0) |    4|   0 ( 0) |    0|   0 ( 0)
       M3_cierre |    0|   0 ( 0) |   12|  12 ( 0) |    4|   1 ( 0) |    0|   0 ( 5)
      M4_mayoria |    0|   0 ( 0) |    3|   3 ( 1) |    7|   6 ( 0) |    0|   0 ( 0)
     M5_rank_hon |    0|   0 ( 1) |   12|  12 ( 0) |    7|   6 ( 0) |    0|   0 ( 0)
       R1_mi_tip |    0|   0 (12) |    0|   0 (12) |    0|   0 (12) |    0|   0 (12)
     R1b_cluster |    0|   0 ( 1) |    0|   0 ( 4) |    2|   0 ( 3) |    0|   0 ( 0)
           R1bM4 |    0|   0 ( 1) |    0|   0 ( 5) |    2|   0 ( 3) |    0|   0 ( 0)
            M2M3 |    0|   0 ( 9) |    0|   0 (12) |    0|   0 (12) |    0|   0 (12)
            M2M4 |    0|   0 ( 9) |    0|   0 (12) |    0|   0 (12) |    0|   0 (12)
           M2hM3 |    0|   0 ( 0) |    9|   0 ( 0) |    3|   0 ( 1) |    0|   0 ( 5)
           M2hM4 |    0|   0 ( 0) |    2|   0 ( 2) |    4|   0 ( 0) |    0|   0 ( 0)
         M2hM3M4 |    0|   0 ( 0) |    2|   0 ( 2) |    3|   0 ( 1) |    0|   0 ( 5)
            M3M4 |    0|   0 ( 0) |    3|   3 ( 1) |    4|   1 ( 0) |    0|   0 ( 5)
            R1M4 |    0|   0 (12) |    0|   0 (12) |    0|   0 (12) |    0|   0 (12)
          M2M3M4 |    0|   0 ( 9) |    0|   0 (12) |    0|   0 (12) |    0|   0 (12)
         cap8_M4 |    0|   0 ( 0) |    4|   3 ( 3) |    7|   6 ( 0) |    0|   0 ( 1)

α=0.25 Δ=20
           regla |             instant |           retraso20 |        retraso20_sp |        retraso60_sp
         M0_fiel |    1|   1 ( 0) |    8|   8 ( 0) |    8|   8 ( 0) |    0|   0 ( 0)
         M1_cap4 |    1|   1 ( 0) |    8|   8 ( 0) |    7|   7 ( 3) |    0|   0 ( 3)
         M1_cap8 |    1|   1 ( 0) |    8|   8 ( 0) |    7|   7 ( 3) |    0|   0 ( 3)
        M1_cap16 |    1|   1 ( 0) |    8|   8 ( 0) |    8|   8 ( 0) |    0|   0 ( 1)
       M2_cadena |    0|   0 ( 4) |    0|   0 ( 8) |    0|   0 (12) |    0|   0 (12)
     M2h_cad_hon |    1|   0 ( 0) |    4|   0 ( 0) |    6|   0 ( 1) |    0|   0 ( 2)
       M3_cierre |    1|   1 ( 0) |    8|   8 ( 4) |    3|   2 ( 2) |    1|   1 ( 7)
      M4_mayoria |    1|   0 ( 0) |    0|   0 ( 1) |    6|   3 ( 0) |    0|   0 ( 0)
     M5_rank_hon |    1|   1 ( 6) |    8|   8 ( 4) |    8|   8 ( 0) |    0|   0 ( 0)
       R1_mi_tip |    0|   0 (12) |    0|   0 (12) |    0|   0 (12) |    0|   0 (12)
     R1b_cluster |    0|   0 ( 6) |    0|   0 ( 7) |    0|   0 ( 5) |    0|   0 ( 0)
           R1bM4 |    0|   0 ( 6) |    0|   0 ( 8) |    0|   0 ( 5) |    0|   0 ( 0)
            M2M3 |    0|   0 ( 4) |    0|   0 (12) |    0|   0 (12) |    0|   0 (12)
            M2M4 |    0|   0 ( 4) |    0|   0 ( 8) |    0|   0 (12) |    0|   0 (12)
           M2hM3 |    1|   0 ( 0) |    4|   0 ( 4) |    5|   0 ( 2) |    0|   0 ( 7)
           M2hM4 |    1|   0 ( 0) |    0|   0 ( 1) |    6|   0 ( 1) |    0|   0 ( 2)
         M2hM3M4 |    1|   0 ( 0) |    0|   0 ( 5) |    5|   0 ( 2) |    0|   0 ( 7)
            M3M4 |    1|   0 ( 0) |    0|   0 ( 5) |    2|   2 ( 2) |    1|   1 ( 7)
            R1M4 |    0|   0 (12) |    0|   0 (12) |    0|   0 (12) |    0|   0 (12)
          M2M3M4 |    0|   0 ( 4) |    0|   0 (12) |    0|   0 (12) |    0|   0 (12)
         cap8_M4 |    1|   0 ( 0) |    2|   1 ( 3) |    6|   2 ( 3) |    0|   0 ( 3)

α=0.40 Δ=16
           regla |             instant |           retraso20 |        retraso20_sp |        retraso60_sp
         M0_fiel |    0|   0 ( 0) |   12|  12 ( 0) |    3|   2 ( 0) |    0|   0 ( 0)
         M1_cap4 |    0|   0 ( 0) |   12|  12 ( 0) |    2|   2 ( 2) |    0|   0 ( 2)
         M1_cap8 |    0|   0 ( 0) |   12|  12 ( 0) |    3|   2 ( 0) |    0|   0 ( 0)
        M1_cap16 |    0|   0 ( 0) |   12|  12 ( 0) |    3|   2 ( 0) |    0|   0 ( 0)
       M2_cadena |    0|   0 ( 4) |    0|   0 (12) |    0|   0 (12) |    0|   0 (12)
     M2h_cad_hon |    0|   0 ( 0) |    9|   0 ( 0) |    3|   0 ( 0) |    0|   0 ( 0)
       M3_cierre |    0|   0 ( 0) |   12|  12 ( 0) |    5|   3 ( 0) |    1|   1 ( 1)
      M4_mayoria |    0|   0 ( 0) |    0|   0 ( 8) |    3|   1 ( 0) |    0|   0 ( 0)
     M5_rank_hon |    0|   0 ( 6) |   12|  12 ( 0) |    3|   2 ( 0) |    0|   0 ( 0)
       R1_mi_tip |    0|   0 (12) |    0|   0 (12) |    0|   0 (12) |    0|   0 (12)
     R1b_cluster |    0|   0 ( 6) |    0|   0 ( 1) |    1|   0 ( 0) |    0|   0 ( 0)
           R1bM4 |    0|   0 ( 6) |    0|   0 ( 9) |    1|   0 ( 0) |    0|   0 ( 0)
            M2M3 |    0|   0 ( 4) |    0|   0 (12) |    0|   0 (12) |    0|   0 (12)
            M2M4 |    0|   0 ( 4) |    0|   0 (12) |    0|   0 (12) |    0|   0 (12)
           M2hM3 |    0|   0 ( 0) |    9|   0 ( 0) |    3|   0 ( 1) |    0|   0 ( 2)
           M2hM4 |    0|   0 ( 0) |    0|   0 ( 8) |    2|   0 ( 1) |    0|   0 ( 0)
         M2hM3M4 |    0|   0 ( 0) |    0|   0 ( 8) |    2|   0 ( 2) |    0|   0 ( 2)
            M3M4 |    0|   0 ( 0) |    0|   0 ( 8) |    4|   2 ( 0) |    1|   1 ( 1)
            R1M4 |    0|   0 (12) |    0|   0 (12) |    0|   0 (12) |    0|   0 (12)
          M2M3M4 |    0|   0 ( 4) |    0|   0 (12) |    0|   0 (12) |    0|   0 (12)
         cap8_M4 |    0|   0 ( 0) |    1|   0 ( 8) |    3|   1 ( 1) |    0|   0 ( 0)

α=0.40 Δ=20
           regla |             instant |           retraso20 |        retraso20_sp |        retraso60_sp
         M0_fiel |    0|   0 ( 0) |    7|   7 ( 0) |    9|   8 ( 0) |    0|   0 ( 0)
         M1_cap4 |    0|   0 ( 0) |    7|   7 ( 0) |    8|   7 ( 2) |    0|   0 ( 2)
         M1_cap8 |    0|   0 ( 0) |    7|   7 ( 0) |    8|   7 ( 2) |    0|   0 ( 0)
        M1_cap16 |    0|   0 ( 0) |    7|   7 ( 0) |    9|   8 ( 0) |    0|   0 ( 0)
       M2_cadena |    0|   0 ( 1) |    0|   0 ( 7) |    0|   0 (12) |    0|   0 (12)
     M2h_cad_hon |    0|   0 ( 0) |    5|   0 ( 0) |    8|   0 ( 0) |    0|   0 ( 0)
       M3_cierre |    0|   0 ( 0) |    7|   7 ( 4) |    7|   5 ( 0) |    1|   1 ( 0)
      M4_mayoria |    0|   0 ( 0) |    0|   0 ( 5) |    5|   3 ( 1) |    0|   0 ( 0)
     M5_rank_hon |    0|   0 ( 9) |    7|   7 ( 5) |    9|   8 ( 0) |    0|   0 ( 0)
       R1_mi_tip |    0|   0 (12) |    0|   0 (12) |    0|   0 (12) |    0|   0 (12)
     R1b_cluster |    0|   0 ( 9) |    0|   0 ( 5) |    1|   0 ( 4) |    0|   0 ( 0)
           R1bM4 |    0|   0 ( 9) |    0|   0 (10) |    1|   0 ( 4) |    0|   0 ( 1)
            M2M3 |    0|   0 ( 1) |    0|   0 (11) |    0|   0 (12) |    0|   0 (12)
            M2M4 |    0|   0 ( 1) |    0|   0 ( 7) |    0|   0 (12) |    0|   0 (12)
           M2hM3 |    0|   0 ( 0) |    5|   0 ( 4) |    8|   0 ( 0) |    0|   0 ( 1)
           M2hM4 |    0|   0 ( 0) |    0|   0 ( 5) |    4|   0 ( 4) |    0|   0 ( 1)
         M2hM3M4 |    0|   0 ( 0) |    0|   0 ( 9) |    4|   0 ( 4) |    0|   0 ( 2)
            M3M4 |    0|   0 ( 0) |    0|   0 ( 9) |    4|   3 ( 1) |    1|   1 ( 1)
            R1M4 |    0|   0 (12) |    0|   0 (12) |    0|   0 (12) |    0|   0 (12)
          M2M3M4 |    0|   0 ( 1) |    0|   0 (11) |    0|   0 (12) |    0|   0 (12)
         cap8_M4 |    0|   0 ( 0) |    0|   0 ( 6) |    4|   1 ( 6) |    0|   0 ( 0)
