==============================================================================================================
D8 — k*_hon bajo estrategias del atacante (12 semillas). Suelo adaptativo = 3*k*/((1-a)l)
==============================================================================================================
 alpha  Delta |       instant     retraso20     retraso60      burst300     parasita5      retro500
  0.10    1.0 |      0.0[0,0]      0.0[0,0]      0.0[0,0]      0.0[0,0]      0.0[0,0]      0.0[0,0]
  0.10    4.0 |      2.2[2,3]      3.0[3,3]      3.0[3,3]      3.0[3,3]      3.0[3,3]      3.0[3,3]
  0.10   16.0 |      5.5[4,6]   16.8[15,18]   15.8[13,18]   13.0[11,16]   16.2[13,18]   16.2[13,18]
  0.10   20.0 |      5.7[4,7]   20.4[18,22]   24.0[18,27]   16.8[14,22]   23.0[18,26]   23.0[18,26]
--------------------------------------------------------------------------------------------------------------
  0.25    1.0 |      0.0[0,0]      0.0[0,0]      0.0[0,0]      0.0[0,0]      0.0[0,0]      0.0[0,0]
  0.25    4.0 |      1.0[1,1]      2.9[2,4]      2.6[2,3]      2.2[2,3]      2.8[2,3]      2.8[2,3]
  0.25   16.0 |      2.0[2,2]   16.8[15,18]   13.3[11,16]     9.9[7,12]   12.9[12,14]   12.9[12,14]
  0.25   20.0 |      2.0[2,2]   19.7[17,21]   28.2[21,35]   13.2[10,17]   17.8[14,20]   17.8[14,20]
--------------------------------------------------------------------------------------------------------------
  0.40    1.0 |      0.2[0,1]      0.9[0,1]      0.7[0,1]      0.5[0,1]      0.0[0,0]      0.0[0,0]
  0.40    4.0 |      1.2[1,2]      4.1[3,6]      3.4[3,4]      3.2[2,5]      2.0[2,2]      2.0[2,2]
  0.40   16.0 |      1.7[1,2]   21.3[17,25]   17.0[13,24]   15.5[11,22]    10.0[9,11]    10.0[9,11]
  0.40   20.0 |      1.7[1,2]   24.7[20,28]   30.7[20,50]   21.5[14,28]   13.2[11,15]   13.2[11,15]
--------------------------------------------------------------------------------------------------------------

==============================================================================================================
SOSTENIBILIDAD: k*_hon en prefijo t<=200 (media[min,max])
==============================================================================================================
 alpha  Delta |       instant     retraso20     retraso60      burst300     parasita5      retro500
  0.10    1.0 |      0.0[0,0]      0.0[0,0]      0.0[0,0]      0.0[0,0]      0.0[0,0]      0.0[0,0]
  0.10    4.0 |      2.2[2,3]      3.1[3,4]      3.1[3,4]      3.1[3,4]      3.2[3,4]      3.2[3,4]
  0.10   16.0 |      5.0[3,7]   17.2[15,19]   16.0[14,18]   16.2[14,19]   16.4[13,19]   16.4[13,19]
  0.10   20.0 |      5.6[4,8]   20.6[18,23]   25.0[20,32]   23.5[19,29]   23.8[16,28]   23.8[16,28]
  0.25    1.0 |      0.0[0,0]      0.1[0,1]      0.1[0,1]      0.1[0,1]      0.0[0,0]      0.0[0,0]
  0.25    4.0 |      1.0[1,1]      2.8[2,4]      2.6[2,3]      2.6[2,3]      2.6[2,3]      2.6[2,3]
  0.25   16.0 |      1.8[1,2]   16.7[14,19]   14.7[11,19]   13.8[11,16]   13.8[11,16]   13.8[11,16]
  0.25   20.0 |      1.8[1,2]   19.2[18,21]   30.1[21,37]   20.5[15,27]   18.3[14,22]   18.3[14,22]
  0.40    1.0 |      0.2[0,1]      1.1[0,3]      1.0[0,3]      1.0[0,3]      0.0[0,0]      0.0[0,0]
  0.40    4.0 |      1.4[1,3]      4.4[3,7]      3.9[3,8]      3.9[3,8]      1.9[1,2]      1.9[1,2]
  0.40   16.0 |      1.6[1,3]   21.2[14,27]   24.2[13,45]   16.9[12,24]    11.0[8,13]    11.0[8,13]
  0.40   20.0 |      1.6[1,3]   24.4[18,32]   39.3[26,49]   25.0[15,32]   14.7[12,20]   14.7[12,20]

==============================================================================================================
SUELO bajo la peor estrategia por (alpha, Delta): 3*k*max/((1-a)l) vs baseline 3*30/((1-a)l)
==============================================================================================================
alpha=0.10 D= 1.0: k*_inst media  0.0 | peor k*   0 -> suelo    0.0 s (baseline 100.0 s)
alpha=0.10 D= 4.0: k*_inst media  2.2 | peor k*   3 -> suelo   10.0 s (baseline 100.0 s)
alpha=0.10 D=16.0: k*_inst media  5.5 | peor k*  18 -> suelo   60.0 s (baseline 100.0 s)
alpha=0.10 D=20.0: k*_inst media  5.7 | peor k*  27 -> suelo   90.0 s (baseline 100.0 s)
alpha=0.25 D= 1.0: k*_inst media  0.0 | peor k*   0 -> suelo    0.0 s (baseline 120.0 s)
alpha=0.25 D= 4.0: k*_inst media  1.0 | peor k*   4 -> suelo   16.0 s (baseline 120.0 s)
alpha=0.25 D=16.0: k*_inst media  2.0 | peor k*  18 -> suelo   72.0 s (baseline 120.0 s)
alpha=0.25 D=20.0: k*_inst media  2.0 | peor k*  35 -> suelo  140.0 s (baseline 120.0 s)
alpha=0.40 D= 1.0: k*_inst media  0.2 | peor k*   1 -> suelo    5.0 s (baseline 150.0 s)
alpha=0.40 D= 4.0: k*_inst media  1.2 | peor k*   6 -> suelo   30.0 s (baseline 150.0 s)
alpha=0.40 D=16.0: k*_inst media  1.7 | peor k*  25 -> suelo  125.0 s (baseline 150.0 s)
alpha=0.40 D=20.0: k*_inst media  1.7 | peor k*  50 -> suelo  250.0 s (baseline 150.0 s)
