alpha delta seed k_ref k_mkmc t_base m0.05 t_ref0.05 t_mkmc0.05 m0.001 t_ref0.001 t_mkmc0.001 m1e-06 t_ref1e-06 t_mkmc1e-06 m1e-12 t_ref1e-12 t_mkmc1e-12
0.1 1.0 11 1 0 113.34024087507333 2 7.951195947305962 6.701920672050505 4 9.429307726504703 9.429307726504703 7 11.148580595548822 11.148580595548822 13 16.962280245443367 16.962280245443367 
0.1 1.0 23 0 0 93.70934623056593 2 1.5856901951393638 1.5856901951393638 4 2.226874509575566 2.226874509575566 7 6.409261349049842 6.409261349049842 13 16.833401980807423 16.833401980807423 
0.1 1.0 37 0 0 110.47424688762268 2 2.0605925048284917 2.0605925048284917 4 2.4696760675957137 2.4696760675957137 7 3.432154884679136 3.432154884679136 13 10.37991508912529 10.37991508912529 
0.1 1.0 41 0 0 83.49544100916248 2 0.7489737160441052 0.7489737160441052 4 1.8083818720750742 1.8083818720750742 7 5.487592667391624 5.487592667391624 13 19.968590228397403 19.968590228397403 
0.1 1.0 59 0 0 105.99760294445923 2 1.4122789691200524 1.4122789691200524 4 4.700024635248042 4.700024635248042 7 8.366598200535265 8.366598200535265 13 16.019167978947763 16.019167978947763 
0.1 1.0 67 0 0 83.35592698969765 2 1.3844301347095893 1.3844301347095893 4 3.6238656197465104 3.6238656197465104 7 7.2225927003183585 7.2225927003183585 13 9.660074647422618 9.660074647422618 
0.1 1.0 73 1 0 122.58781870691735 2 2.2944939971889653 1.414303395950526 4 5.449827868397165 5.449827868397165 7 6.978807994860375 6.978807994860375 13 11.104076273392963 11.104076273392963 
0.1 1.0 89 0 0 88.24843411891734 2 2.155728732756444 2.155728732756444 4 10.511023614731187 10.511023614731187 7 14.573752355757932 14.573752355757932 13 18.072377069978273 18.072377069978273 
0.1 1.0 97 0 0 111.55629729218478 2 1.7653853391251744 1.7653853391251744 4 4.009379220177436 4.009379220177436 7 5.629204322538271 5.629204322538271 13 16.371630918750583 16.371630918750583 
0.1 1.0 101 0 0 67.55685457516824 2 0.5168925371750674 0.5168925371750674 4 2.7093762054960564 2.7093762054960564 7 5.093716723703608 5.093716723703608 13 8.674615228511158 8.674615228511158 
0.1 1.0 113 0 0 94.36565981602573 2 3.4708165825076662 3.4708165825076662 4 8.377523766456335 8.377523766456335 7 9.449094153202736 9.449094153202736 13 10.604299064515317 10.604299064515317 
0.1 1.0 127 0 0 90.61455573825174 2 0.364280941948806 0.364280941948806 4 2.4124906488125077 2.4124906488125077 7 8.026911442216345 8.026911442216345 13 14.537842306693108 14.537842306693108 
0.1 4.0 11 1 1 113.34024087507333 2 7.951195947305962 7.951195947305962 4 9.429307726504703 9.429307726504703 7 11.148580595548822 11.148580595548822 13 16.962280245443367 16.962280245443367 
0.1 4.0 23 1 2 93.70934623056593 2 2.0849219371016545 4.781800402171541 4 2.226874509575566 4.781800402171541 7 6.409261349049842 6.409261349049842 13 16.833401980807423 16.833401980807423 
0.1 4.0 37 1 2 110.47424688762268 2 2.267062794025861 3.290909648947803 4 2.4696760675957137 3.290909648947803 7 3.432154884679136 3.432154884679136 13 10.37991508912529 10.37991508912529 
0.1 4.0 41 1 1 83.49544100916248 2 1.3305488647437755 1.3305488647437755 4 1.8083818720750742 1.8083818720750742 7 5.487592667391624 5.487592667391624 13 19.968590228397403 19.968590228397403 
0.1 4.0 59 0 2 105.99760294445923 2 1.4122789691200524 6.4018987521722295 4 4.700024635248042 6.4018987521722295 7 8.366598200535265 8.366598200535265 13 16.019167978947763 16.019167978947763 
0.1 4.0 67 0 1 83.35592698969765 2 1.3844301347095893 1.5466787167700318 4 3.6238656197465104 3.6238656197465104 7 7.2225927003183585 7.2225927003183585 13 9.660074647422618 9.660074647422618 
0.1 4.0 73 2 1 122.58781870691735 2 6.808693468227915 2.2944939971889653 4 6.808693468227915 5.449827868397165 7 6.978807994860375 6.978807994860375 13 11.104076273392963 11.104076273392963 
0.1 4.0 89 1 2 88.24843411891734 2 9.461547434708024 12.634651221292927 4 10.511023614731187 12.634651221292927 7 14.573752355757932 14.573752355757932 13 18.072377069978273 18.072377069978273 
0.1 4.0 97 0 2 111.55629729218478 2 1.7653853391251744 5.233235571766244 4 4.009379220177436 5.233235571766244 7 5.629204322538271 5.629204322538271 13 16.371630918750583 16.371630918750583 
0.1 4.0 101 0 2 67.55685457516824 2 0.5168925371750674 3.7070442533325263 4 2.7093762054960564 3.7070442533325263 7 5.093716723703608 5.093716723703608 13 8.674615228511158 8.674615228511158 
0.1 4.0 113 0 2 94.36565981602573 2 3.4708165825076662 9.114218054403239 4 8.377523766456335 9.114218054403239 7 9.449094153202736 9.449094153202736 13 10.604299064515317 10.604299064515317 
0.1 4.0 127 1 1 90.61455573825174 2 0.4413757069551423 0.4413757069551423 4 2.4124906488125077 2.4124906488125077 7 8.026911442216345 8.026911442216345 13 14.537842306693108 14.537842306693108 
0.1 8.0 11 3 2 113.34024087507333 2 13.43874033544256 10.920044466419995 4 13.43874033544256 10.920044466419995 7 13.43874033544256 11.148580595548822 13 16.962280245443367 16.962280245443367 
0.1 8.0 23 1 2 93.70934623056593 2 2.0849219371016545 4.781800402171541 4 2.226874509575566 4.781800402171541 7 6.409261349049842 6.409261349049842 13 16.833401980807423 16.833401980807423 
0.1 8.0 37 2 2 110.47424688762268 2 3.290909648947803 3.290909648947803 4 3.290909648947803 3.290909648947803 7 3.432154884679136 3.432154884679136 13 10.37991508912529 10.37991508912529 
0.1 8.0 41 1 2 83.49544100916248 2 1.3305488647437755 3.6135961047207843 4 1.8083818720750742 3.6135961047207843 7 5.487592667391624 5.487592667391624 13 19.968590228397403 19.968590228397403 
0.1 8.0 59 1 3 105.99760294445923 2 2.939160114528846 10.556861075026262 4 4.700024635248042 10.556861075026262 7 8.366598200535265 10.556861075026262 13 16.019167978947763 16.019167978947763 
0.1 8.0 67 1 2 83.35592698969765 2 1.5466787167700318 6.568911528971256 4 3.6238656197465104 6.568911528971256 7 7.2225927003183585 7.2225927003183585 13 9.660074647422618 9.660074647422618 
0.1 8.0 73 3 3 122.58781870691735 2 7.634886652820569 7.634886652820569 4 7.634886652820569 7.634886652820569 7 7.634886652820569 7.634886652820569 13 11.104076273392963 11.104076273392963 
0.1 8.0 89 4 3 88.24843411891734 2 17.444230015648685 15.539159269560344 4 17.444230015648685 15.539159269560344 7 17.444230015648685 15.539159269560344 13 18.072377069978273 18.072377069978273 
0.1 8.0 97 0 2 111.55629729218478 2 1.7653853391251744 5.233235571766244 4 4.009379220177436 5.233235571766244 7 5.629204322538271 5.629204322538271 13 16.371630918750583 16.371630918750583 
0.1 8.0 101 0 3 67.55685457516824 2 0.5168925371750674 6.501617847383869 4 2.7093762054960564 6.501617847383869 7 5.093716723703608 6.501617847383869 13 8.674615228511158 8.674615228511158 
0.1 8.0 113 1 3 94.36565981602573 2 6.299714899854166 9.687144584401494 4 8.377523766456335 9.687144584401494 7 9.449094153202736 9.687144584401494 13 10.604299064515317 10.604299064515317 
0.1 8.0 127 1 2 90.61455573825174 2 0.4413757069551423 4.534571173602558 4 2.4124906488125077 4.534571173602558 7 8.026911442216345 8.026911442216345 13 14.537842306693108 14.537842306693108 
0.1 16.0 11 4 3 113.34024087507333 2 16.28069966454231 13.43874033544256 4 16.28069966454231 13.43874033544256 7 16.28069966454231 13.43874033544256 13 16.962280245443367 16.962280245443367 
0.1 16.0 23 0 4 93.70934623056593 2 1.5856901951393638 16.397316236090717 4 2.226874509575566 16.397316236090717 7 6.409261349049842 16.397316236090717 13 16.833401980807423 16.833401980807423 
0.1 16.0 37 2 3 110.47424688762268 2 3.290909648947803 4.778129477119762 4 3.290909648947803 4.778129477119762 7 3.432154884679136 4.778129477119762 13 10.37991508912529 10.37991508912529 
0.1 16.0 41 1 3 83.49544100916248 2 1.3305488647437755 12.675057610190095 4 1.8083818720750742 12.675057610190095 7 5.487592667391624 12.675057610190095 13 19.968590228397403 19.968590228397403 
0.1 16.0 59 2 4 105.99760294445923 2 6.4018987521722295 16.00349079716605 4 6.4018987521722295 16.00349079716605 7 8.366598200535265 16.00349079716605 13 16.019167978947763 16.019167978947763 
0.1 16.0 67 0 4 83.35592698969765 2 1.3844301347095893 9.475034469368666 4 3.6238656197465104 9.475034469368666 7 7.2225927003183585 9.475034469368666 13 9.660074647422618 9.660074647422618 
0.1 16.0 73 3 4 122.58781870691735 2 7.634886652820569 10.208699914807795 4 7.634886652820569 10.208699914807795 7 7.634886652820569 10.208699914807795 13 11.104076273392963 11.104076273392963 
0.1 16.0 89 4 4 88.24843411891734 2 17.444230015648685 17.444230015648685 4 17.444230015648685 17.444230015648685 7 17.444230015648685 17.444230015648685 13 18.072377069978273 18.072377069978273 
0.1 16.0 97 0 4 111.55629729218478 2 1.7653853391251744 15.883666787664708 4 4.009379220177436 15.883666787664708 7 5.629204322538271 15.883666787664708 13 16.371630918750583 16.371630918750583 
0.1 16.0 101 0 4 67.55685457516824 2 0.5168925371750674 8.668611482303675 4 2.7093762054960564 8.668611482303675 7 5.093716723703608 8.668611482303675 13 8.674615228511158 8.674615228511158 
0.1 16.0 113 1 4 94.36565981602573 2 6.299714899854166 10.516730977939204 4 8.377523766456335 10.516730977939204 7 9.449094153202736 10.516730977939204 13 10.604299064515317 10.604299064515317 
0.1 16.0 127 1 3 90.61455573825174 2 0.4413757069551423 9.422295792627892 4 2.4124906488125077 9.422295792627892 7 8.026911442216345 9.422295792627892 13 14.537842306693108 14.537842306693108 
0.1 20.0 11 9 3 113.34024087507333 2 32.74345841579364 13.43874033544256 4 32.74345841579364 13.43874033544256 7 32.74345841579364 13.43874033544256 13 32.74345841579364 16.962280245443367 
0.1 20.0 23 1 4 93.70934623056593 2 2.0849219371016545 16.397316236090717 4 2.226874509575566 16.397316236090717 7 6.409261349049842 16.397316236090717 13 16.833401980807423 16.833401980807423 
0.1 20.0 37 2 4 110.47424688762268 2 3.290909648947803 9.172748765543588 4 3.290909648947803 9.172748765543588 7 3.432154884679136 9.172748765543588 13 10.37991508912529 10.37991508912529 
0.1 20.0 41 1 3 83.49544100916248 2 1.3305488647437755 12.675057610190095 4 1.8083818720750742 12.675057610190095 7 5.487592667391624 12.675057610190095 13 19.968590228397403 19.968590228397403 
0.1 20.0 59 4 4 105.99760294445923 2 16.00349079716605 16.00349079716605 4 16.00349079716605 16.00349079716605 7 16.00349079716605 16.00349079716605 13 16.019167978947763 16.019167978947763 
0.1 20.0 67 7 4 83.35592698969765 2 15.797366034709938 9.475034469368666 4 15.797366034709938 9.475034469368666 7 15.797366034709938 9.475034469368666 13 15.797366034709938 9.660074647422618 
0.1 20.0 73 1 4 122.58781870691735 2 2.2944939971889653 10.208699914807795 4 5.449827868397165 10.208699914807795 7 6.978807994860375 10.208699914807795 13 11.104076273392963 11.104076273392963 
0.1 20.0 89 4 4 88.24843411891734 2 17.444230015648685 17.444230015648685 4 17.444230015648685 17.444230015648685 7 17.444230015648685 17.444230015648685 13 18.072377069978273 18.072377069978273 
0.1 20.0 97 0 4 111.55629729218478 2 1.7653853391251744 15.883666787664708 4 4.009379220177436 15.883666787664708 7 5.629204322538271 15.883666787664708 13 16.371630918750583 16.371630918750583 
0.1 20.0 101 0 4 67.55685457516824 2 0.5168925371750674 8.668611482303675 4 2.7093762054960564 8.668611482303675 7 5.093716723703608 8.668611482303675 13 8.674615228511158 8.674615228511158 
0.1 20.0 113 1 4 94.36565981602573 2 6.299714899854166 10.516730977939204 4 8.377523766456335 10.516730977939204 7 9.449094153202736 10.516730977939204 13 10.604299064515317 10.604299064515317 
0.1 20.0 127 1 3 90.61455573825174 2 0.4413757069551423 9.422295792627892 4 2.4124906488125077 9.422295792627892 7 8.026911442216345 9.422295792627892 13 14.537842306693108 14.537842306693108 
0.25 1.0 11 0 0 137.80662922284847 3 7.951195947305962 7.951195947305962 7 13.43874033544256 13.43874033544256 13 19.76941309764348 19.76941309764348 26 38.61764431337363 38.61764431337363 
0.25 1.0 23 0 0 110.6943597086294 3 2.0849219371016545 2.0849219371016545 7 6.409261349049842 6.409261349049842 13 17.252297256402926 17.252297256402926 26 29.713296848992968 29.713296848992968 
0.25 1.0 37 0 0 134.4282517893176 3 2.267062794025861 2.267062794025861 7 3.432154884679136 3.432154884679136 13 13.056659242171776 13.056659242171776 26 34.317555146215 34.317555146215 
0.25 1.0 41 0 0 104.4186744699505 3 1.8083818720750742 1.8083818720750742 7 8.477449826280605 8.477449826280605 13 21.303169990873755 21.303169990873755 26 33.00467199786681 33.00467199786681 
0.25 1.0 59 0 0 122.66372378161049 3 2.939160114528846 2.939160114528846 7 8.904672873032041 8.904672873032041 13 16.322967578171898 16.322967578171898 26 39.368517414179394 39.368517414179394 
0.25 1.0 67 0 0 95.29927781184188 3 3.6238656197465104 3.6238656197465104 7 7.808663931650273 7.808663931650273 13 10.674035522602821 10.674035522602821 26 27.518535022152264 27.518535022152264 
0.25 1.0 73 1 0 145.22754205221523 3 4.271913723606218 4.271913723606218 7 6.456972508029622 6.456972508029622 13 12.364626374579672 12.364626374579672 26 40.71660899484476 40.71660899484476 
0.25 1.0 89 0 0 111.712678476415 3 10.89284529459428 10.89284529459428 7 15.539159269560344 15.539159269560344 13 23.028413000588074 23.028413000588074 26 42.466604483722136 42.466604483722136 
0.25 1.0 97 0 0 134.1258200857741 3 3.542824027692575 3.542824027692575 7 15.193271763219457 15.193271763219457 13 19.624975650385267 19.624975650385267 26 31.460365773713306 31.460365773713306 
0.25 1.0 101 0 0 77.69097558705101 3 2.7093762054960564 2.7093762054960564 7 6.501617847383869 6.501617847383869 13 9.685302888243456 9.685302888243456 26 17.67583941364859 17.67583941364859 
0.25 1.0 113 0 0 110.0030872429729 3 6.299714899854166 6.299714899854166 7 9.449094153202736 9.449094153202736 13 14.89562083535668 14.89562083535668 26 43.33430957786584 43.33430957786584 
0.25 1.0 127 0 0 107.08206653208327 3 0.4413757069551423 0.4413757069551423 7 9.422295792627892 9.422295792627892 13 15.893558312076351 15.893558312076351 26 28.4273765912547 28.4273765912547 
0.25 4.0 11 0 0 137.80662922284847 3 7.951195947305962 7.951195947305962 7 13.43874033544256 13.43874033544256 13 19.76941309764348 19.76941309764348 26 38.61764431337363 38.61764431337363 
0.25 4.0 23 0 0 110.6943597086294 3 2.0849219371016545 2.0849219371016545 7 6.409261349049842 6.409261349049842 13 17.252297256402926 17.252297256402926 26 29.713296848992968 29.713296848992968 
0.25 4.0 37 0 0 134.4282517893176 3 2.267062794025861 2.267062794025861 7 3.432154884679136 3.432154884679136 13 13.056659242171776 13.056659242171776 26 34.317555146215 34.317555146215 
0.25 4.0 41 1 0 104.4186744699505 3 1.8083818720750742 1.8083818720750742 7 8.477449826280605 8.477449826280605 13 21.303169990873755 21.303169990873755 26 33.00467199786681 33.00467199786681 
0.25 4.0 59 0 0 122.66372378161049 3 2.939160114528846 2.939160114528846 7 8.904672873032041 8.904672873032041 13 16.322967578171898 16.322967578171898 26 39.368517414179394 39.368517414179394 
0.25 4.0 67 1 0 95.29927781184188 3 3.6238656197465104 3.6238656197465104 7 7.808663931650273 7.808663931650273 13 10.674035522602821 10.674035522602821 26 27.518535022152264 27.518535022152264 
0.25 4.0 73 2 0 145.22754205221523 3 5.8008938500694285 4.271913723606218 7 6.456972508029622 6.456972508029622 13 12.364626374579672 12.364626374579672 26 40.71660899484476 40.71660899484476 
0.25 4.0 89 0 0 111.712678476415 3 10.89284529459428 10.89284529459428 7 15.539159269560344 15.539159269560344 13 23.028413000588074 23.028413000588074 26 42.466604483722136 42.466604483722136 
0.25 4.0 97 0 0 134.1258200857741 3 3.542824027692575 3.542824027692575 7 15.193271763219457 15.193271763219457 13 19.624975650385267 19.624975650385267 26 31.460365773713306 31.460365773713306 
0.25 4.0 101 0 1 77.69097558705101 3 2.7093762054960564 2.7093762054960564 7 6.501617847383869 6.501617847383869 13 9.685302888243456 9.685302888243456 26 17.67583941364859 17.67583941364859 
0.25 4.0 113 0 1 110.0030872429729 3 6.299714899854166 6.299714899854166 7 9.449094153202736 9.449094153202736 13 14.89562083535668 14.89562083535668 26 43.33430957786584 43.33430957786584 
0.25 4.0 127 1 0 107.08206653208327 3 0.4413757069551423 0.4413757069551423 7 9.422295792627892 9.422295792627892 13 15.893558312076351 15.893558312076351 26 28.4273765912547 28.4273765912547 
0.25 8.0 11 0 1 137.80662922284847 3 7.951195947305962 7.951195947305962 7 13.43874033544256 13.43874033544256 13 19.76941309764348 19.76941309764348 26 38.61764431337363 38.61764431337363 
0.25 8.0 23 0 1 110.6943597086294 3 2.0849219371016545 2.0849219371016545 7 6.409261349049842 6.409261349049842 13 17.252297256402926 17.252297256402926 26 29.713296848992968 29.713296848992968 
0.25 8.0 37 0 1 134.4282517893176 3 2.267062794025861 2.267062794025861 7 3.432154884679136 3.432154884679136 13 13.056659242171776 13.056659242171776 26 34.317555146215 34.317555146215 
0.25 8.0 41 1 1 104.4186744699505 3 1.8083818720750742 1.8083818720750742 7 8.477449826280605 8.477449826280605 13 21.303169990873755 21.303169990873755 26 33.00467199786681 33.00467199786681 
0.25 8.0 59 0 1 122.66372378161049 3 2.939160114528846 2.939160114528846 7 8.904672873032041 8.904672873032041 13 16.322967578171898 16.322967578171898 26 39.368517414179394 39.368517414179394 
0.25 8.0 67 2 1 95.29927781184188 3 7.2225927003183585 3.6238656197465104 7 7.808663931650273 7.808663931650273 13 10.674035522602821 10.674035522602821 26 27.518535022152264 27.518535022152264 
0.25 8.0 73 3 1 145.22754205221523 3 8.089612506120801 4.271913723606218 7 8.089612506120801 6.456972508029622 13 12.364626374579672 12.364626374579672 26 40.71660899484476 40.71660899484476 
0.25 8.0 89 0 1 111.712678476415 3 10.89284529459428 10.89284529459428 7 15.539159269560344 15.539159269560344 13 23.028413000588074 23.028413000588074 26 42.466604483722136 42.466604483722136 
0.25 8.0 97 0 1 134.1258200857741 3 3.542824027692575 3.542824027692575 7 15.193271763219457 15.193271763219457 13 19.624975650385267 19.624975650385267 26 31.460365773713306 31.460365773713306 
0.25 8.0 101 0 1 77.69097558705101 3 2.7093762054960564 2.7093762054960564 7 6.501617847383869 6.501617847383869 13 9.685302888243456 9.685302888243456 26 17.67583941364859 17.67583941364859 
0.25 8.0 113 0 1 110.0030872429729 3 6.299714899854166 6.299714899854166 7 9.449094153202736 9.449094153202736 13 14.89562083535668 14.89562083535668 26 43.33430957786584 43.33430957786584 
0.25 8.0 127 1 1 107.08206653208327 3 0.4413757069551423 0.4413757069551423 7 9.422295792627892 9.422295792627892 13 15.893558312076351 15.893558312076351 26 28.4273765912547 28.4273765912547 
0.25 16.0 11 0 1 137.80662922284847 3 7.951195947305962 7.951195947305962 7 13.43874033544256 13.43874033544256 13 19.76941309764348 19.76941309764348 26 38.61764431337363 38.61764431337363 
0.25 16.0 23 0 1 110.6943597086294 3 2.0849219371016545 2.0849219371016545 7 6.409261349049842 6.409261349049842 13 17.252297256402926 17.252297256402926 26 29.713296848992968 29.713296848992968 
0.25 16.0 37 0 1 134.4282517893176 3 2.267062794025861 2.267062794025861 7 3.432154884679136 3.432154884679136 13 13.056659242171776 13.056659242171776 26 34.317555146215 34.317555146215 
0.25 16.0 41 1 1 104.4186744699505 3 1.8083818720750742 1.8083818720750742 7 8.477449826280605 8.477449826280605 13 21.303169990873755 21.303169990873755 26 33.00467199786681 33.00467199786681 
0.25 16.0 59 0 1 122.66372378161049 3 2.939160114528846 2.939160114528846 7 8.904672873032041 8.904672873032041 13 16.322967578171898 16.322967578171898 26 39.368517414179394 39.368517414179394 
0.25 16.0 67 2 1 95.29927781184188 3 7.2225927003183585 3.6238656197465104 7 7.808663931650273 7.808663931650273 13 10.674035522602821 10.674035522602821 26 27.518535022152264 27.518535022152264 
0.25 16.0 73 3 1 145.22754205221523 3 8.089612506120801 4.271913723606218 7 8.089612506120801 6.456972508029622 13 12.364626374579672 12.364626374579672 26 40.71660899484476 40.71660899484476 
0.25 16.0 89 0 1 111.712678476415 3 10.89284529459428 10.89284529459428 7 15.539159269560344 15.539159269560344 13 23.028413000588074 23.028413000588074 26 42.466604483722136 42.466604483722136 
0.25 16.0 97 0 1 134.1258200857741 3 3.542824027692575 3.542824027692575 7 15.193271763219457 15.193271763219457 13 19.624975650385267 19.624975650385267 26 31.460365773713306 31.460365773713306 
0.25 16.0 101 0 1 77.69097558705101 3 2.7093762054960564 2.7093762054960564 7 6.501617847383869 6.501617847383869 13 9.685302888243456 9.685302888243456 26 17.67583941364859 17.67583941364859 
0.25 16.0 113 0 1 110.0030872429729 3 6.299714899854166 6.299714899854166 7 9.449094153202736 9.449094153202736 13 14.89562083535668 14.89562083535668 26 43.33430957786584 43.33430957786584 
0.25 16.0 127 1 1 107.08206653208327 3 0.4413757069551423 0.4413757069551423 7 9.422295792627892 9.422295792627892 13 15.893558312076351 15.893558312076351 26 28.4273765912547 28.4273765912547 
0.25 20.0 11 0 1 137.80662922284847 3 7.951195947305962 7.951195947305962 7 13.43874033544256 13.43874033544256 13 19.76941309764348 19.76941309764348 26 38.61764431337363 38.61764431337363 
0.25 20.0 23 0 1 110.6943597086294 3 2.0849219371016545 2.0849219371016545 7 6.409261349049842 6.409261349049842 13 17.252297256402926 17.252297256402926 26 29.713296848992968 29.713296848992968 
0.25 20.0 37 0 1 134.4282517893176 3 2.267062794025861 2.267062794025861 7 3.432154884679136 3.432154884679136 13 13.056659242171776 13.056659242171776 26 34.317555146215 34.317555146215 
0.25 20.0 41 1 1 104.4186744699505 3 1.8083818720750742 1.8083818720750742 7 8.477449826280605 8.477449826280605 13 21.303169990873755 21.303169990873755 26 33.00467199786681 33.00467199786681 
0.25 20.0 59 0 1 122.66372378161049 3 2.939160114528846 2.939160114528846 7 8.904672873032041 8.904672873032041 13 16.322967578171898 16.322967578171898 26 39.368517414179394 39.368517414179394 
0.25 20.0 67 2 1 95.29927781184188 3 7.2225927003183585 3.6238656197465104 7 7.808663931650273 7.808663931650273 13 10.674035522602821 10.674035522602821 26 27.518535022152264 27.518535022152264 
0.25 20.0 73 3 1 145.22754205221523 3 8.089612506120801 4.271913723606218 7 8.089612506120801 6.456972508029622 13 12.364626374579672 12.364626374579672 26 40.71660899484476 40.71660899484476 
0.25 20.0 89 0 1 111.712678476415 3 10.89284529459428 10.89284529459428 7 15.539159269560344 15.539159269560344 13 23.028413000588074 23.028413000588074 26 42.466604483722136 42.466604483722136 
0.25 20.0 97 0 1 134.1258200857741 3 3.542824027692575 3.542824027692575 7 15.193271763219457 15.193271763219457 13 19.624975650385267 19.624975650385267 26 31.460365773713306 31.460365773713306 
0.25 20.0 101 0 1 77.69097558705101 3 2.7093762054960564 2.7093762054960564 7 6.501617847383869 6.501617847383869 13 9.685302888243456 9.685302888243456 26 17.67583941364859 17.67583941364859 
0.25 20.0 113 0 1 110.0030872429729 3 6.299714899854166 6.299714899854166 7 9.449094153202736 9.449094153202736 13 14.89562083535668 14.89562083535668 26 43.33430957786584 43.33430957786584 
0.25 20.0 127 1 1 107.08206653208327 3 0.4413757069551423 0.4413757069551423 7 9.422295792627892 9.422295792627892 13 15.893558312076351 15.893558312076351 26 28.4273765912547 28.4273765912547 
0.33 1.0 11 0 0 152.45201244532626 5 11.148580595548822 11.148580595548822 10 18.052908530800494 18.052908530800494 20 35.564226755424556 35.564226755424556 40 60.01658698968379 60.01658698968379 
0.33 1.0 23 0 0 122.4434088860828 5 3.3954003887303372 3.3954003887303372 10 12.518758646698274 12.518758646698274 20 23.74914337631165 23.74914337631165 40 50.565112637064914 50.565112637064914 
0.33 1.0 37 0 0 142.28066195408334 5 3.290909648947803 3.290909648947803 10 12.442253363019404 12.442253363019404 20 31.051686505752087 31.051686505752087 40 59.06909972505045 59.06909972505045 
0.33 1.0 41 0 0 118.90766816349353 5 3.6135961047207843 3.6135961047207843 10 20.121433638331723 20.121433638331723 20 29.454722274262537 29.454722274262537 40 56.082758954139905 56.082758954139905 
0.33 1.0 59 0 0 144.75849392551623 5 6.4018987521722295 6.4018987521722295 10 16.00349079716605 16.00349079716605 20 30.457992811534552 30.457992811534552 40 62.76967596576816 62.76967596576816 
0.33 1.0 67 0 0 114.7819093920944 5 7.2225927003183585 7.2225927003183585 10 10.674035522602821 10.674035522602821 20 27.518535022152264 27.518535022152264 40 47.632262412949785 47.632262412949785 
0.33 1.0 73 1 0 160.2686118292414 5 5.630779323436968 5.630779323436968 10 9.030785770016848 9.030785770016848 20 32.481808434859005 32.481808434859005 40 58.31049562695003 58.31049562695003 
0.33 1.0 89 0 0 122.09132032120462 5 14.573752355757932 14.573752355757932 10 17.444230015648685 17.444230015648685 20 38.677479065510084 38.677479065510084 40 56.89163168731355 56.89163168731355 
0.33 1.0 97 0 0 155.96086496171637 5 13.894441616579144 13.894441616579144 10 18.326145503744954 18.326145503744954 20 28.99136478521126 28.99136478521126 40 58.93144949256168 58.93144949256168 
0.33 1.0 101 0 0 84.27149651425088 5 5.405485694908009 5.405485694908009 10 8.674615228511158 8.674615228511158 20 15.191376563997835 15.191376563997835 40 36.21984720711967 36.21984720711967 
0.33 1.0 113 0 0 124.5663878604777 5 8.384772488688355 8.384772488688355 10 10.020397207076144 10.020397207076144 20 34.51547472558647 34.51547472558647 40 68.41111886986627 68.41111886986627 
0.33 1.0 127 0 0 122.1262594304921 5 12.000318558334158 12.000318558334158 10 16.404460337831807 16.404460337831807 20 27.814443904338617 27.814443904338617 40 53.110203683959924 53.110203683959924 
0.33 4.0 11 0 0 152.45201244532626 5 11.148580595548822 11.148580595548822 10 18.052908530800494 18.052908530800494 20 35.564226755424556 35.564226755424556 40 60.01658698968379 60.01658698968379 
0.33 4.0 23 0 0 122.4434088860828 5 3.3954003887303372 3.3954003887303372 10 12.518758646698274 12.518758646698274 20 23.74914337631165 23.74914337631165 40 50.565112637064914 50.565112637064914 
0.33 4.0 37 0 0 142.28066195408334 5 3.290909648947803 3.290909648947803 10 12.442253363019404 12.442253363019404 20 31.051686505752087 31.051686505752087 40 59.06909972505045 59.06909972505045 
0.33 4.0 41 0 0 118.90766816349353 5 3.6135961047207843 3.6135961047207843 10 20.121433638331723 20.121433638331723 20 29.454722274262537 29.454722274262537 40 56.082758954139905 56.082758954139905 
0.33 4.0 59 0 0 144.75849392551623 5 6.4018987521722295 6.4018987521722295 10 16.00349079716605 16.00349079716605 20 30.457992811534552 30.457992811534552 40 62.76967596576816 62.76967596576816 
0.33 4.0 67 0 0 114.7819093920944 5 7.2225927003183585 7.2225927003183585 10 10.674035522602821 10.674035522602821 20 27.518535022152264 27.518535022152264 40 47.632262412949785 47.632262412949785 
0.33 4.0 73 2 0 160.2686118292414 5 5.8008938500694285 5.630779323436968 10 9.030785770016848 9.030785770016848 20 32.481808434859005 32.481808434859005 40 58.31049562695003 58.31049562695003 
0.33 4.0 89 0 0 122.09132032120462 5 14.573752355757932 14.573752355757932 10 17.444230015648685 17.444230015648685 20 38.677479065510084 38.677479065510084 40 56.89163168731355 56.89163168731355 
0.33 4.0 97 0 0 155.96086496171637 5 13.894441616579144 13.894441616579144 10 18.326145503744954 18.326145503744954 20 28.99136478521126 28.99136478521126 40 58.93144949256168 58.93144949256168 
0.33 4.0 101 0 0 84.27149651425088 5 5.405485694908009 5.405485694908009 10 8.674615228511158 8.674615228511158 20 15.191376563997835 15.191376563997835 40 36.21984720711967 36.21984720711967 
0.33 4.0 113 0 0 124.5663878604777 5 8.384772488688355 8.384772488688355 10 10.020397207076144 10.020397207076144 20 34.51547472558647 34.51547472558647 40 68.41111886986627 68.41111886986627 
0.33 4.0 127 1 0 122.1262594304921 5 12.000318558334158 12.000318558334158 10 16.404460337831807 16.404460337831807 20 27.814443904338617 27.814443904338617 40 53.110203683959924 53.110203683959924 
0.33 8.0 11 0 0 152.45201244532626 5 11.148580595548822 11.148580595548822 10 18.052908530800494 18.052908530800494 20 35.564226755424556 35.564226755424556 40 60.01658698968379 60.01658698968379 
0.33 8.0 23 0 0 122.4434088860828 5 3.3954003887303372 3.3954003887303372 10 12.518758646698274 12.518758646698274 20 23.74914337631165 23.74914337631165 40 50.565112637064914 50.565112637064914 
0.33 8.0 37 0 0 142.28066195408334 5 3.290909648947803 3.290909648947803 10 12.442253363019404 12.442253363019404 20 31.051686505752087 31.051686505752087 40 59.06909972505045 59.06909972505045 
0.33 8.0 41 0 0 118.90766816349353 5 3.6135961047207843 3.6135961047207843 10 20.121433638331723 20.121433638331723 20 29.454722274262537 29.454722274262537 40 56.082758954139905 56.082758954139905 
0.33 8.0 59 0 0 144.75849392551623 5 6.4018987521722295 6.4018987521722295 10 16.00349079716605 16.00349079716605 20 30.457992811534552 30.457992811534552 40 62.76967596576816 62.76967596576816 
0.33 8.0 67 0 0 114.7819093920944 5 7.2225927003183585 7.2225927003183585 10 10.674035522602821 10.674035522602821 20 27.518535022152264 27.518535022152264 40 47.632262412949785 47.632262412949785 
0.33 8.0 73 2 0 160.2686118292414 5 5.8008938500694285 5.630779323436968 10 9.030785770016848 9.030785770016848 20 32.481808434859005 32.481808434859005 40 58.31049562695003 58.31049562695003 
0.33 8.0 89 0 0 122.09132032120462 5 14.573752355757932 14.573752355757932 10 17.444230015648685 17.444230015648685 20 38.677479065510084 38.677479065510084 40 56.89163168731355 56.89163168731355 
0.33 8.0 97 0 0 155.96086496171637 5 13.894441616579144 13.894441616579144 10 18.326145503744954 18.326145503744954 20 28.99136478521126 28.99136478521126 40 58.93144949256168 58.93144949256168 
0.33 8.0 101 0 0 84.27149651425088 5 5.405485694908009 5.405485694908009 10 8.674615228511158 8.674615228511158 20 15.191376563997835 15.191376563997835 40 36.21984720711967 36.21984720711967 
0.33 8.0 113 0 0 124.5663878604777 5 8.384772488688355 8.384772488688355 10 10.020397207076144 10.020397207076144 20 34.51547472558647 34.51547472558647 40 68.41111886986627 68.41111886986627 
0.33 8.0 127 1 0 122.1262594304921 5 12.000318558334158 12.000318558334158 10 16.404460337831807 16.404460337831807 20 27.814443904338617 27.814443904338617 40 53.110203683959924 53.110203683959924 
0.33 16.0 11 0 0 152.45201244532626 5 11.148580595548822 11.148580595548822 10 18.052908530800494 18.052908530800494 20 35.564226755424556 35.564226755424556 40 60.01658698968379 60.01658698968379 
0.33 16.0 23 0 0 122.4434088860828 5 3.3954003887303372 3.3954003887303372 10 12.518758646698274 12.518758646698274 20 23.74914337631165 23.74914337631165 40 50.565112637064914 50.565112637064914 
0.33 16.0 37 0 0 142.28066195408334 5 3.290909648947803 3.290909648947803 10 12.442253363019404 12.442253363019404 20 31.051686505752087 31.051686505752087 40 59.06909972505045 59.06909972505045 
0.33 16.0 41 0 0 118.90766816349353 5 3.6135961047207843 3.6135961047207843 10 20.121433638331723 20.121433638331723 20 29.454722274262537 29.454722274262537 40 56.082758954139905 56.082758954139905 
0.33 16.0 59 0 0 144.75849392551623 5 6.4018987521722295 6.4018987521722295 10 16.00349079716605 16.00349079716605 20 30.457992811534552 30.457992811534552 40 62.76967596576816 62.76967596576816 
0.33 16.0 67 0 0 114.7819093920944 5 7.2225927003183585 7.2225927003183585 10 10.674035522602821 10.674035522602821 20 27.518535022152264 27.518535022152264 40 47.632262412949785 47.632262412949785 
0.33 16.0 73 2 0 160.2686118292414 5 5.8008938500694285 5.630779323436968 10 9.030785770016848 9.030785770016848 20 32.481808434859005 32.481808434859005 40 58.31049562695003 58.31049562695003 
0.33 16.0 89 0 0 122.09132032120462 5 14.573752355757932 14.573752355757932 10 17.444230015648685 17.444230015648685 20 38.677479065510084 38.677479065510084 40 56.89163168731355 56.89163168731355 
0.33 16.0 97 0 0 155.96086496171637 5 13.894441616579144 13.894441616579144 10 18.326145503744954 18.326145503744954 20 28.99136478521126 28.99136478521126 40 58.93144949256168 58.93144949256168 
0.33 16.0 101 0 0 84.27149651425088 5 5.405485694908009 5.405485694908009 10 8.674615228511158 8.674615228511158 20 15.191376563997835 15.191376563997835 40 36.21984720711967 36.21984720711967 
0.33 16.0 113 0 0 124.5663878604777 5 8.384772488688355 8.384772488688355 10 10.020397207076144 10.020397207076144 20 34.51547472558647 34.51547472558647 40 68.41111886986627 68.41111886986627 
0.33 16.0 127 1 0 122.1262594304921 5 12.000318558334158 12.000318558334158 10 16.404460337831807 16.404460337831807 20 27.814443904338617 27.814443904338617 40 53.110203683959924 53.110203683959924 
0.33 20.0 11 0 0 152.45201244532626 5 11.148580595548822 11.148580595548822 10 18.052908530800494 18.052908530800494 20 35.564226755424556 35.564226755424556 40 60.01658698968379 60.01658698968379 
0.33 20.0 23 0 0 122.4434088860828 5 3.3954003887303372 3.3954003887303372 10 12.518758646698274 12.518758646698274 20 23.74914337631165 23.74914337631165 40 50.565112637064914 50.565112637064914 
0.33 20.0 37 0 0 142.28066195408334 5 3.290909648947803 3.290909648947803 10 12.442253363019404 12.442253363019404 20 31.051686505752087 31.051686505752087 40 59.06909972505045 59.06909972505045 
0.33 20.0 41 0 0 118.90766816349353 5 3.6135961047207843 3.6135961047207843 10 20.121433638331723 20.121433638331723 20 29.454722274262537 29.454722274262537 40 56.082758954139905 56.082758954139905 
0.33 20.0 59 0 0 144.75849392551623 5 6.4018987521722295 6.4018987521722295 10 16.00349079716605 16.00349079716605 20 30.457992811534552 30.457992811534552 40 62.76967596576816 62.76967596576816 
0.33 20.0 67 0 0 114.7819093920944 5 7.2225927003183585 7.2225927003183585 10 10.674035522602821 10.674035522602821 20 27.518535022152264 27.518535022152264 40 47.632262412949785 47.632262412949785 
0.33 20.0 73 2 0 160.2686118292414 5 5.8008938500694285 5.630779323436968 10 9.030785770016848 9.030785770016848 20 32.481808434859005 32.481808434859005 40 58.31049562695003 58.31049562695003 
0.33 20.0 89 0 0 122.09132032120462 5 14.573752355757932 14.573752355757932 10 17.444230015648685 17.444230015648685 20 38.677479065510084 38.677479065510084 40 56.89163168731355 56.89163168731355 
0.33 20.0 97 0 0 155.96086496171637 5 13.894441616579144 13.894441616579144 10 18.326145503744954 18.326145503744954 20 28.99136478521126 28.99136478521126 40 58.93144949256168 58.93144949256168 
0.33 20.0 101 0 0 84.27149651425088 5 5.405485694908009 5.405485694908009 10 8.674615228511158 8.674615228511158 20 15.191376563997835 15.191376563997835 40 36.21984720711967 36.21984720711967 
0.33 20.0 113 0 0 124.5663878604777 5 8.384772488688355 8.384772488688355 10 10.020397207076144 10.020397207076144 20 34.51547472558647 34.51547472558647 40 68.41111886986627 68.41111886986627 
0.33 20.0 127 1 0 122.1262594304921 5 12.000318558334158 12.000318558334158 10 16.404460337831807 16.404460337831807 20 27.814443904338617 27.814443904338617 40 53.110203683959924 53.110203683959924 
0.4 1.0 11 0 0 168.47445734812118 8 16.962280245443367 16.962280245443367 18 35.455902740516365 35.455902740516365 35 59.099515619864235 59.099515619864235 69 125.29118244982823 125.29118244982823 
0.4 1.0 23 0 0 131.51280299894728 8 7.254143565790798 7.254143565790798 18 22.398257396155486 22.398257396155486 35 47.243453748490396 47.243453748490396 69 99.34141940982795 99.34141940982795 
0.4 1.0 37 0 0 152.99189152578137 8 7.87092493598351 7.87092493598351 18 30.660092069820195 30.660092069820195 35 57.04433384510125 57.04433384510125 69 122.19573682090206 122.19573682090206 
0.4 1.0 41 0 0 133.00196424987743 8 20.121433638331723 20.121433638331723 18 30.376525713653308 30.376525713653308 35 56.17272681671906 56.17272681671906 69 100.08920371471302 100.08920371471302 
0.4 1.0 59 0 0 158.72866722008519 8 12.102917821443981 12.102917821443981 18 30.457992811534552 30.457992811534552 35 53.79643680119287 53.79643680119287 69 109.30663505253722 109.30663505253722 
0.4 1.0 67 0 0 144.7227582914917 8 8.27564451271303 8.27564451271303 18 26.134104887442675 26.134104887442675 35 46.247832278240196 46.247832278240196 69 96.53348889682718 96.53348889682718 
0.4 1.0 73 0 0 168.37765712239846 8 8.089612506120801 8.089612506120801 18 30.96903275123475 30.96903275123475 35 57.70601002726144 57.70601002726144 69 132.38270115167464 132.38270115167464 
0.4 1.0 89 0 0 132.78676858542232 8 17.41256093368912 17.41256093368912 18 41.21035977600641 41.21035977600641 35 59.402513876859615 59.402513876859615 69 105.46009921941496 105.46009921941496 
0.4 1.0 97 0 0 173.377514060024 8 16.973814940948216 16.973814940948216 18 27.951543384292023 27.951543384292023 35 58.61660271830095 58.61660271830095 69 128.49745336924747 128.49745336924747 
0.4 1.0 101 0 0 106.7100360388925 8 7.345406208904876 7.345406208904876 18 14.836960773548299 14.836960773548299 35 35.937567599580916 35.937567599580916 69 71.52828113458793 71.52828113458793 
0.4 1.0 113 0 0 145.02669720419462 8 10.020397207076144 10.020397207076144 18 36.392979637414555 36.392979637414555 35 69.67280350850322 69.67280350850322 69 108.30676741932618 108.30676741932618 
0.4 1.0 127 0 0 133.70522166809167 8 15.37353430558801 15.37353430558801 18 26.711086245537672 26.711086245537672 35 50.21599332606917 50.21599332606917 69 105.37327575874633 105.37327575874633 
0.4 4.0 11 0 0 168.47445734812118 8 16.962280245443367 16.962280245443367 18 35.455902740516365 35.455902740516365 35 59.099515619864235 59.099515619864235 69 125.29118244982823 125.29118244982823 
0.4 4.0 23 0 0 131.51280299894728 8 7.254143565790798 7.254143565790798 18 22.398257396155486 22.398257396155486 35 47.243453748490396 47.243453748490396 69 99.34141940982795 99.34141940982795 
0.4 4.0 37 0 0 152.99189152578137 8 7.87092493598351 7.87092493598351 18 30.660092069820195 30.660092069820195 35 57.04433384510125 57.04433384510125 69 122.19573682090206 122.19573682090206 
0.4 4.0 41 0 0 133.00196424987743 8 20.121433638331723 20.121433638331723 18 30.376525713653308 30.376525713653308 35 56.17272681671906 56.17272681671906 69 100.08920371471302 100.08920371471302 
0.4 4.0 59 0 0 158.72866722008519 8 12.102917821443981 12.102917821443981 18 30.457992811534552 30.457992811534552 35 53.79643680119287 53.79643680119287 69 109.30663505253722 109.30663505253722 
0.4 4.0 67 0 0 144.7227582914917 8 8.27564451271303 8.27564451271303 18 26.134104887442675 26.134104887442675 35 46.247832278240196 46.247832278240196 69 96.53348889682718 96.53348889682718 
0.4 4.0 73 0 0 168.37765712239846 8 8.089612506120801 8.089612506120801 18 30.96903275123475 30.96903275123475 35 57.70601002726144 57.70601002726144 69 132.38270115167464 132.38270115167464 
0.4 4.0 89 0 0 132.78676858542232 8 17.41256093368912 17.41256093368912 18 41.21035977600641 41.21035977600641 35 59.402513876859615 59.402513876859615 69 105.46009921941496 105.46009921941496 
0.4 4.0 97 0 0 173.377514060024 8 16.973814940948216 16.973814940948216 18 27.951543384292023 27.951543384292023 35 58.61660271830095 58.61660271830095 69 128.49745336924747 128.49745336924747 
0.4 4.0 101 0 0 106.7100360388925 8 7.345406208904876 7.345406208904876 18 14.836960773548299 14.836960773548299 35 35.937567599580916 35.937567599580916 69 71.52828113458793 71.52828113458793 
0.4 4.0 113 0 0 145.02669720419462 8 10.020397207076144 10.020397207076144 18 36.392979637414555 36.392979637414555 35 69.67280350850322 69.67280350850322 69 108.30676741932618 108.30676741932618 
0.4 4.0 127 1 0 133.70522166809167 8 15.37353430558801 15.37353430558801 18 26.711086245537672 26.711086245537672 35 50.21599332606917 50.21599332606917 69 105.37327575874633 105.37327575874633 
0.4 8.0 11 0 0 168.47445734812118 8 16.962280245443367 16.962280245443367 18 35.455902740516365 35.455902740516365 35 59.099515619864235 59.099515619864235 69 125.29118244982823 125.29118244982823 
0.4 8.0 23 0 0 131.51280299894728 8 7.254143565790798 7.254143565790798 18 22.398257396155486 22.398257396155486 35 47.243453748490396 47.243453748490396 69 99.34141940982795 99.34141940982795 
0.4 8.0 37 0 0 152.99189152578137 8 7.87092493598351 7.87092493598351 18 30.660092069820195 30.660092069820195 35 57.04433384510125 57.04433384510125 69 122.19573682090206 122.19573682090206 
0.4 8.0 41 0 0 133.00196424987743 8 20.121433638331723 20.121433638331723 18 30.376525713653308 30.376525713653308 35 56.17272681671906 56.17272681671906 69 100.08920371471302 100.08920371471302 
0.4 8.0 59 0 0 158.72866722008519 8 12.102917821443981 12.102917821443981 18 30.457992811534552 30.457992811534552 35 53.79643680119287 53.79643680119287 69 109.30663505253722 109.30663505253722 
0.4 8.0 67 0 0 144.7227582914917 8 8.27564451271303 8.27564451271303 18 26.134104887442675 26.134104887442675 35 46.247832278240196 46.247832278240196 69 96.53348889682718 96.53348889682718 
0.4 8.0 73 0 0 168.37765712239846 8 8.089612506120801 8.089612506120801 18 30.96903275123475 30.96903275123475 35 57.70601002726144 57.70601002726144 69 132.38270115167464 132.38270115167464 
0.4 8.0 89 0 0 132.78676858542232 8 17.41256093368912 17.41256093368912 18 41.21035977600641 41.21035977600641 35 59.402513876859615 59.402513876859615 69 105.46009921941496 105.46009921941496 
0.4 8.0 97 0 0 173.377514060024 8 16.973814940948216 16.973814940948216 18 27.951543384292023 27.951543384292023 35 58.61660271830095 58.61660271830095 69 128.49745336924747 128.49745336924747 
0.4 8.0 101 0 0 106.7100360388925 8 7.345406208904876 7.345406208904876 18 14.836960773548299 14.836960773548299 35 35.937567599580916 35.937567599580916 69 71.52828113458793 71.52828113458793 
0.4 8.0 113 0 0 145.02669720419462 8 10.020397207076144 10.020397207076144 18 36.392979637414555 36.392979637414555 35 69.67280350850322 69.67280350850322 69 108.30676741932618 108.30676741932618 
0.4 8.0 127 1 0 133.70522166809167 8 15.37353430558801 15.37353430558801 18 26.711086245537672 26.711086245537672 35 50.21599332606917 50.21599332606917 69 105.37327575874633 105.37327575874633 
0.4 16.0 11 0 0 168.47445734812118 8 16.962280245443367 16.962280245443367 18 35.455902740516365 35.455902740516365 35 59.099515619864235 59.099515619864235 69 125.29118244982823 125.29118244982823 
0.4 16.0 23 0 0 131.51280299894728 8 7.254143565790798 7.254143565790798 18 22.398257396155486 22.398257396155486 35 47.243453748490396 47.243453748490396 69 99.34141940982795 99.34141940982795 
0.4 16.0 37 0 0 152.99189152578137 8 7.87092493598351 7.87092493598351 18 30.660092069820195 30.660092069820195 35 57.04433384510125 57.04433384510125 69 122.19573682090206 122.19573682090206 
0.4 16.0 41 0 0 133.00196424987743 8 20.121433638331723 20.121433638331723 18 30.376525713653308 30.376525713653308 35 56.17272681671906 56.17272681671906 69 100.08920371471302 100.08920371471302 
0.4 16.0 59 0 0 158.72866722008519 8 12.102917821443981 12.102917821443981 18 30.457992811534552 30.457992811534552 35 53.79643680119287 53.79643680119287 69 109.30663505253722 109.30663505253722 
0.4 16.0 67 0 0 144.7227582914917 8 8.27564451271303 8.27564451271303 18 26.134104887442675 26.134104887442675 35 46.247832278240196 46.247832278240196 69 96.53348889682718 96.53348889682718 
0.4 16.0 73 0 0 168.37765712239846 8 8.089612506120801 8.089612506120801 18 30.96903275123475 30.96903275123475 35 57.70601002726144 57.70601002726144 69 132.38270115167464 132.38270115167464 
0.4 16.0 89 0 0 132.78676858542232 8 17.41256093368912 17.41256093368912 18 41.21035977600641 41.21035977600641 35 59.402513876859615 59.402513876859615 69 105.46009921941496 105.46009921941496 
0.4 16.0 97 0 0 173.377514060024 8 16.973814940948216 16.973814940948216 18 27.951543384292023 27.951543384292023 35 58.61660271830095 58.61660271830095 69 128.49745336924747 128.49745336924747 
0.4 16.0 101 0 0 106.7100360388925 8 7.345406208904876 7.345406208904876 18 14.836960773548299 14.836960773548299 35 35.937567599580916 35.937567599580916 69 71.52828113458793 71.52828113458793 
0.4 16.0 113 0 0 145.02669720419462 8 10.020397207076144 10.020397207076144 18 36.392979637414555 36.392979637414555 35 69.67280350850322 69.67280350850322 69 108.30676741932618 108.30676741932618 
0.4 16.0 127 1 0 133.70522166809167 8 15.37353430558801 15.37353430558801 18 26.711086245537672 26.711086245537672 35 50.21599332606917 50.21599332606917 69 105.37327575874633 105.37327575874633 
0.4 20.0 11 0 0 168.47445734812118 8 16.962280245443367 16.962280245443367 18 35.455902740516365 35.455902740516365 35 59.099515619864235 59.099515619864235 69 125.29118244982823 125.29118244982823 
0.4 20.0 23 0 0 131.51280299894728 8 7.254143565790798 7.254143565790798 18 22.398257396155486 22.398257396155486 35 47.243453748490396 47.243453748490396 69 99.34141940982795 99.34141940982795 
0.4 20.0 37 0 0 152.99189152578137 8 7.87092493598351 7.87092493598351 18 30.660092069820195 30.660092069820195 35 57.04433384510125 57.04433384510125 69 122.19573682090206 122.19573682090206 
0.4 20.0 41 0 0 133.00196424987743 8 20.121433638331723 20.121433638331723 18 30.376525713653308 30.376525713653308 35 56.17272681671906 56.17272681671906 69 100.08920371471302 100.08920371471302 
0.4 20.0 59 0 0 158.72866722008519 8 12.102917821443981 12.102917821443981 18 30.457992811534552 30.457992811534552 35 53.79643680119287 53.79643680119287 69 109.30663505253722 109.30663505253722 
0.4 20.0 67 0 0 144.7227582914917 8 8.27564451271303 8.27564451271303 18 26.134104887442675 26.134104887442675 35 46.247832278240196 46.247832278240196 69 96.53348889682718 96.53348889682718 
0.4 20.0 73 0 0 168.37765712239846 8 8.089612506120801 8.089612506120801 18 30.96903275123475 30.96903275123475 35 57.70601002726144 57.70601002726144 69 132.38270115167464 132.38270115167464 
0.4 20.0 89 0 0 132.78676858542232 8 17.41256093368912 17.41256093368912 18 41.21035977600641 41.21035977600641 35 59.402513876859615 59.402513876859615 69 105.46009921941496 105.46009921941496 
0.4 20.0 97 0 0 173.377514060024 8 16.973814940948216 16.973814940948216 18 27.951543384292023 27.951543384292023 35 58.61660271830095 58.61660271830095 69 128.49745336924747 128.49745336924747 
0.4 20.0 101 0 0 106.7100360388925 8 7.345406208904876 7.345406208904876 18 14.836960773548299 14.836960773548299 35 35.937567599580916 35.937567599580916 69 71.52828113458793 71.52828113458793 
0.4 20.0 113 0 0 145.02669720419462 8 10.020397207076144 10.020397207076144 18 36.392979637414555 36.392979637414555 35 69.67280350850322 69.67280350850322 69 108.30676741932618 108.30676741932618 
0.4 20.0 127 1 0 133.70522166809167 8 15.37353430558801 15.37353430558801 18 26.711086245537672 26.711086245537672 35 50.21599332606917 50.21599332606917 69 105.37327575874633 105.37327575874633 
