seed retraso politica k_conf k_hon gan_att cap_ref t_conf m_eps
11 20.0 tips 0 None 1 0 59.099515619864235 35
23 20.0 tips 0 None 1 0 47.243453748490396 35
37 20.0 tips 11 11 0 0 57.04433384510125 35
41 20.0 tips 0 None 1 0 56.17272681671906 35
59 20.0 tips 15 15 1 0 70.36630635680774 35
67 20.0 tips 0 None 1 0 46.247832278240196 35
73 20.0 tips 9 9 1 0 57.70601002726144 35
89 20.0 tips 5 5 1 0 59.402513876859615 35
97 20.0 tips 0 None 1 0 58.61660271830095 35
101 20.0 tips 6 6 1 0 35.937567599580916 35
113 20.0 tips 1 1 0 0 69.67280350850322 35
127 20.0 tips 6 6 1 0 50.21599332606917 35
11 60.0 tips 9 9 0 0 59.099515619864235 35
23 60.0 tips 34 34 0 0 148.1997994098453 35
37 60.0 tips 13 13 0 0 65.21612205600238 35
41 60.0 tips None None None None None 35
59 60.0 tips 28 28 1 0 144.75849392551623 35
67 60.0 tips 4 4 0 0 46.247832278240196 35
73 60.0 tips 14 14 0 0 76.25383870689703 35
89 60.0 tips 12 12 0 0 59.473225812876166 35
97 60.0 tips 8 8 0 0 58.61660271830095 35
101 60.0 tips 7 7 0 0 35.937567599580916 35
113 60.0 tips None None None None None 35
127 60.0 tips 20 20 0 0 93.35366805512149 35
11 80.0 tips 15 15 0 0 87.96073871611003 35
23 80.0 tips 9 9 0 0 47.243453748490396 35
37 80.0 tips 23 23 0 0 122.19573682090206 35
41 80.0 tips 6 6 0 0 56.17272681671906 35
59 80.0 tips 11 11 0 0 53.79643680119287 35
67 80.0 tips 28 28 0 0 129.52578041166197 35
73 80.0 tips 5 5 0 0 57.70601002726144 35
89 80.0 tips 8 8 0 0 59.402513876859615 35
97 80.0 tips 22 22 0 0 123.64291647630131 35
101 80.0 tips None None None None None 35
113 80.0 tips 6 6 0 0 69.67280350850322 35
127 80.0 tips 23 23 0 0 105.37327575874633 35
11 120.0 tips 17 17 0 0 99.67487369080766 35
23 120.0 tips 1 1 0 0 47.243453748490396 35
37 120.0 tips 12 12 0 0 58.010041677972396 35
41 120.0 tips 3 3 0 0 56.17272681671906 35
59 120.0 tips 9 9 0 0 53.79643680119287 35
67 120.0 tips 13 13 0 0 50.73493238795942 35
73 120.0 tips 6 6 0 0 57.70601002726144 35
89 120.0 tips 11 11 0 0 59.402513876859615 35
97 120.0 tips 10 10 0 0 58.61660271830095 35
101 120.0 tips 26 26 0 0 83.86875547257608 35
113 120.0 tips 7 7 0 0 69.67280350850322 35
127 120.0 tips 17 17 0 0 81.86528232917402 35
11 160.0 tips 13 13 0 0 63.83250461418976 35
23 160.0 tips 1 1 0 0 47.243453748490396 35
37 160.0 tips 12 12 0 0 58.010041677972396 35
41 160.0 tips 26 26 0 0 114.64993589789876 35
59 160.0 tips 9 9 0 0 53.79643680119287 35
67 160.0 tips 13 13 0 0 50.73493238795942 35
73 160.0 tips 6 6 0 0 57.70601002726144 35
89 160.0 tips 4 4 0 0 59.402513876859615 35
97 160.0 tips 10 10 0 0 58.61660271830095 35
101 160.0 tips 26 26 0 0 83.86875547257608 35
113 160.0 tips 7 7 0 0 69.67280350850322 35
127 160.0 tips 17 17 0 0 81.86528232917402 35
11 1000.0 tips 3 3 0 0 59.099515619864235 35
23 1000.0 tips 0 0 0 0 47.243453748490396 35
37 1000.0 tips 12 12 0 0 58.010041677972396 35
41 1000.0 tips 6 6 0 0 56.17272681671906 35
59 1000.0 tips 4 4 0 0 53.79643680119287 35
67 1000.0 tips 13 13 0 0 50.73493238795942 35
73 1000.0 tips 9 9 0 0 57.70601002726144 35
89 1000.0 tips 4 4 0 0 59.402513876859615 35
97 1000.0 tips 10 10 0 0 58.61660271830095 35
101 1000.0 tips 4 4 0 0 35.937567599580916 35
113 1000.0 tips 7 7 0 0 69.67280350850322 35
127 1000.0 tips 17 17 0 0 81.86528232917402 35
11 20.0 sp 17 17 1 0 99.67487369080766 35
23 20.0 sp 3 3 1 0 47.243453748490396 35
37 20.0 sp 11 11 0 0 57.04433384510125 35
41 20.0 sp 13 13 1 0 59.577820865868176 35
59 20.0 sp 18 18 1 0 88.99624749105072 35
67 20.0 sp 6 6 1 0 46.247832278240196 35
73 20.0 sp 12 12 0 0 58.31049562695003 35
89 20.0 sp 4 4 0 0 59.402513876859615 35
97 20.0 sp 17 17 1 0 94.5527275643492 35
101 20.0 sp 10 10 0 0 35.937567599580916 35
113 20.0 sp 5 5 1 0 69.67280350850322 35
127 20.0 sp 36 36 1 0 158.19238231770163 35
11 60.0 sp 6 6 0 0 59.099515619864235 35
23 60.0 sp 6 6 0 0 47.243453748490396 35
37 60.0 sp 8 8 0 0 57.04433384510125 35
41 60.0 sp 15 15 0 0 67.02037045370051 35
59 60.0 sp 7 7 0 0 53.79643680119287 35
67 60.0 sp 4 4 0 0 46.247832278240196 35
73 60.0 sp 16 16 0 0 90.86924242006651 35
89 60.0 sp 11 11 0 0 59.402513876859615 35
97 60.0 sp 4 4 0 0 58.61660271830095 35
101 60.0 sp 1 1 0 0 35.937567599580916 35
113 60.0 sp 12 12 0 0 71.00989793134008 35
127 60.0 sp 17 17 0 0 81.86528232917402 35
11 80.0 sp 3 3 0 0 59.099515619864235 35
23 80.0 sp 4 4 0 0 47.243453748490396 35
37 80.0 sp 11 11 0 0 57.04433384510125 35
41 80.0 sp 5 5 0 0 56.17272681671906 35
59 80.0 sp 4 4 0 0 53.79643680119287 35
67 80.0 sp 17 17 0 0 65.84664001889354 35
73 80.0 sp 5 5 0 0 57.70601002726144 35
89 80.0 sp 4 4 0 0 59.402513876859615 35
97 80.0 sp 6 6 0 0 58.61660271830095 35
101 80.0 sp 6 6 0 0 35.937567599580916 35
113 80.0 sp 8 8 0 0 69.67280350850322 35
127 80.0 sp 17 17 0 0 81.86528232917402 35
11 120.0 sp 11 11 0 0 59.099515619864235 35
23 120.0 sp 2 2 0 0 47.243453748490396 35
37 120.0 sp 12 12 0 0 58.010041677972396 35
41 120.0 sp 3 3 0 0 56.17272681671906 35
59 120.0 sp 9 9 0 0 53.79643680119287 35
67 120.0 sp 13 13 0 0 50.73493238795942 35
73 120.0 sp 9 9 0 0 57.70601002726144 35
89 120.0 sp 4 4 0 0 59.402513876859615 35
97 120.0 sp 10 10 0 0 58.61660271830095 35
101 120.0 sp 26 26 0 0 83.86875547257608 35
113 120.0 sp 7 7 0 0 69.67280350850322 35
127 120.0 sp 17 17 0 0 81.86528232917402 35
11 160.0 sp 13 13 0 0 63.83250461418976 35
23 160.0 sp 2 2 0 0 47.243453748490396 35
37 160.0 sp 12 12 0 0 58.010041677972396 35
41 160.0 sp 3 3 0 0 56.17272681671906 35
59 160.0 sp 9 9 0 0 53.79643680119287 35
67 160.0 sp 13 13 0 0 50.73493238795942 35
73 160.0 sp 5 5 0 0 57.70601002726144 35
89 160.0 sp 4 4 0 0 59.402513876859615 35
97 160.0 sp 10 10 0 0 58.61660271830095 35
101 160.0 sp 26 26 0 0 83.86875547257608 35
113 160.0 sp 7 7 0 0 69.67280350850322 35
127 160.0 sp 17 17 0 0 81.86528232917402 35
11 1000.0 sp 3 3 0 0 59.099515619864235 35
23 1000.0 sp 0 0 0 0 47.243453748490396 35
37 1000.0 sp 12 12 0 0 58.010041677972396 35
41 1000.0 sp 6 6 0 0 56.17272681671906 35
59 1000.0 sp 4 4 0 0 53.79643680119287 35
67 1000.0 sp 13 13 0 0 50.73493238795942 35
73 1000.0 sp 9 9 0 0 57.70601002726144 35
89 1000.0 sp 4 4 0 0 59.402513876859615 35
97 1000.0 sp 10 10 0 0 58.61660271830095 35
101 1000.0 sp 4 4 0 0 35.937567599580916 35
113 1000.0 sp 7 7 0 0 69.67280350850322 35
127 1000.0 sp 17 17 0 0 81.86528232917402 35
