alpha delta seed estrategia k_full k_pre cobH
0.1 1.0 11 instant 0 0 0.5457063711911357
0.1 1.0 11 retraso20 0 0 0.5207756232686981
0.1 1.0 11 retraso60 0 0 0.5207756232686981
0.1 1.0 11 burst300 0 0 0.5263157894736842
0.1 1.0 11 parasita5 0 0 0.5207756232686981
0.1 1.0 11 retro500 0 0 0.5207756232686981
0.1 1.0 23 instant 0 0 0.5306666666666666
0.1 1.0 23 retraso20 0 0 0.5173333333333333
0.1 1.0 23 retraso60 0 0 0.5173333333333333
0.1 1.0 23 burst300 0 0 0.5253333333333333
0.1 1.0 23 parasita5 0 0 0.5173333333333333
0.1 1.0 23 retro500 0 0 0.5173333333333333
0.1 1.0 37 instant 0 0 0.5303430079155673
0.1 1.0 37 retraso20 0 0 0.5171503957783641
0.1 1.0 37 retraso60 0 0 0.5171503957783641
0.1 1.0 37 burst300 0 0 0.5171503957783641
0.1 1.0 37 parasita5 0 0 0.5171503957783641
0.1 1.0 37 retro500 0 0 0.5171503957783641
0.1 1.0 41 instant 0 0 0.5535714285714286
0.1 1.0 41 retraso20 0 0 0.5386904761904762
0.1 1.0 41 retraso60 0 0 0.5386904761904762
0.1 1.0 41 burst300 0 0 0.5416666666666666
0.1 1.0 41 parasita5 0 0 0.5386904761904762
0.1 1.0 41 retro500 0 0 0.5386904761904762
0.1 1.0 59 instant 0 0 0.5653409090909091
0.1 1.0 59 retraso20 0 0 0.5539772727272727
0.1 1.0 59 retraso60 0 0 0.5539772727272727
0.1 1.0 59 burst300 0 0 0.5625
0.1 1.0 59 parasita5 0 0 0.5539772727272727
0.1 1.0 59 retro500 0 0 0.5539772727272727
0.1 1.0 67 instant 0 0 0.5515320334261838
0.1 1.0 67 retraso20 0 0 0.532033426183844
0.1 1.0 67 retraso60 0 0 0.532033426183844
0.1 1.0 67 burst300 0 0 0.532033426183844
0.1 1.0 67 parasita5 0 0 0.532033426183844
0.1 1.0 67 retro500 0 0 0.532033426183844
0.1 1.0 73 instant 0 0 0.5318559556786704
0.1 1.0 73 retraso20 0 0 0.5152354570637119
0.1 1.0 73 retraso60 0 0 0.5152354570637119
0.1 1.0 73 burst300 0 0 0.5235457063711911
0.1 1.0 73 parasita5 0 0 0.5152354570637119
0.1 1.0 73 retro500 0 0 0.5152354570637119
0.1 1.0 89 instant 0 0 0.515625
0.1 1.0 89 retraso20 0 0 0.5078125
0.1 1.0 89 retraso60 0 0 0.5078125
0.1 1.0 89 burst300 0 0 0.5078125
0.1 1.0 89 parasita5 0 0 0.5078125
0.1 1.0 89 retro500 0 0 0.5078125
0.1 1.0 97 instant 0 0 0.56656346749226
0.1 1.0 97 retraso20 0 0 0.5572755417956656
0.1 1.0 97 retraso60 0 0 0.5572755417956656
0.1 1.0 97 burst300 0 0 0.5603715170278638
0.1 1.0 97 parasita5 0 0 0.5541795665634675
0.1 1.0 97 retro500 0 0 0.5541795665634675
0.1 1.0 101 instant 0 0 0.5234375
0.1 1.0 101 retraso20 0 0 0.515625
0.1 1.0 101 retraso60 0 0 0.515625
0.1 1.0 101 burst300 0 0 0.5182291666666666
0.1 1.0 101 parasita5 0 0 0.515625
0.1 1.0 101 retro500 0 0 0.515625
0.1 1.0 113 instant 0 0 0.5277044854881267
0.1 1.0 113 retraso20 0 0 0.525065963060686
0.1 1.0 113 retraso60 0 0 0.525065963060686
0.1 1.0 113 burst300 0 0 0.525065963060686
0.1 1.0 113 parasita5 0 0 0.525065963060686
0.1 1.0 113 retro500 0 0 0.525065963060686
0.1 1.0 127 instant 0 0 0.5346260387811634
0.1 1.0 127 retraso20 0 0 0.5235457063711911
0.1 1.0 127 retraso60 0 0 0.5235457063711911
0.1 1.0 127 burst300 0 0 0.5263157894736842
0.1 1.0 127 parasita5 0 0 0.5235457063711911
0.1 1.0 127 retro500 0 0 0.5235457063711911
0.1 4.0 11 instant 2 2 0.5124653739612188
0.1 4.0 11 retraso20 3 4 0.5124653739612188
0.1 4.0 11 retraso60 3 4 0.5124653739612188
0.1 4.0 11 burst300 3 4 0.5290858725761773
0.1 4.0 11 parasita5 3 4 0.5096952908587258
0.1 4.0 11 retro500 3 4 0.5096952908587258
0.1 4.0 23 instant 2 2 0.5146666666666667
0.1 4.0 23 retraso20 3 3 0.5093333333333333
0.1 4.0 23 retraso60 3 3 0.5093333333333333
0.1 4.0 23 burst300 3 3 0.5226666666666666
0.1 4.0 23 parasita5 3 3 0.5093333333333333
0.1 4.0 23 retro500 3 3 0.5093333333333333
0.1 4.0 37 instant 2 2 0.5145118733509235
0.1 4.0 37 retraso20 3 3 0.5197889182058048
0.1 4.0 37 retraso60 3 3 0.5197889182058048
0.1 4.0 37 burst300 3 3 0.5303430079155673
0.1 4.0 37 parasita5 3 4 0.5118733509234829
0.1 4.0 37 retro500 3 4 0.5118733509234829
0.1 4.0 41 instant 2 2 0.5625
0.1 4.0 41 retraso20 3 3 0.5565476190476191
0.1 4.0 41 retraso60 3 3 0.5565476190476191
0.1 4.0 41 burst300 3 3 0.6041666666666666
0.1 4.0 41 parasita5 3 3 0.5535714285714286
0.1 4.0 41 retro500 3 3 0.5535714285714286
0.1 4.0 59 instant 2 3 0.5028409090909091
0.1 4.0 59 retraso20 3 3 0.5482954545454546
0.1 4.0 59 retraso60 3 3 0.5482954545454546
0.1 4.0 59 burst300 3 3 0.5710227272727273
0.1 4.0 59 parasita5 3 3 0.5482954545454546
0.1 4.0 59 retro500 3 3 0.5482954545454546
0.1 4.0 67 instant 2 2 0.5348189415041783
0.1 4.0 67 retraso20 3 3 0.5571030640668524
0.1 4.0 67 retraso60 3 3 0.5571030640668524
0.1 4.0 67 burst300 3 3 0.5571030640668524
0.1 4.0 67 parasita5 3 3 0.5571030640668524
0.1 4.0 67 retro500 3 3 0.5571030640668524
0.1 4.0 73 instant 2 3 0.5096952908587258
0.1 4.0 73 retraso20 3 3 0.5346260387811634
0.1 4.0 73 retraso60 3 3 0.5346260387811634
0.1 4.0 73 burst300 3 3 0.5484764542936288
0.1 4.0 73 parasita5 3 3 0.5346260387811634
0.1 4.0 73 retro500 3 3 0.5346260387811634
0.1 4.0 89 instant 3 3 0.5885416666666666
0.1 4.0 89 retraso20 3 3 0.5208333333333334
0.1 4.0 89 retraso60 3 3 0.5208333333333334
0.1 4.0 89 burst300 3 3 0.5390625
0.1 4.0 89 parasita5 3 3 0.5208333333333334
0.1 4.0 89 retro500 3 3 0.5208333333333334
0.1 4.0 97 instant 2 2 0.5232198142414861
0.1 4.0 97 retraso20 3 3 0.5727554179566563
0.1 4.0 97 retraso60 3 3 0.5727554179566563
0.1 4.0 97 burst300 3 3 0.5758513931888545
0.1 4.0 97 parasita5 3 3 0.5572755417956656
0.1 4.0 97 retro500 3 3 0.5572755417956656
0.1 4.0 101 instant 3 2 0.5807291666666666
0.1 4.0 101 retraso20 3 3 0.5208333333333334
0.1 4.0 101 retraso60 3 3 0.5208333333333334
0.1 4.0 101 burst300 3 3 0.5442708333333334
0.1 4.0 101 parasita5 3 3 0.5182291666666666
0.1 4.0 101 retro500 3 3 0.5182291666666666
0.1 4.0 113 instant 3 2 0.5778364116094987
0.1 4.0 113 retraso20 3 3 0.5303430079155673
0.1 4.0 113 retraso60 3 3 0.5303430079155673
0.1 4.0 113 burst300 3 3 0.5461741424802111
0.1 4.0 113 parasita5 3 3 0.5303430079155673
0.1 4.0 113 retro500 3 3 0.5303430079155673
0.1 4.0 127 instant 2 2 0.554016620498615
0.1 4.0 127 retraso20 3 3 0.5429362880886427
0.1 4.0 127 retraso60 3 3 0.5429362880886427
0.1 4.0 127 burst300 3 3 0.5734072022160664
0.1 4.0 127 parasita5 3 3 0.5429362880886427
0.1 4.0 127 retro500 3 3 0.5429362880886427
0.1 16.0 11 instant 5 3 0.5346260387811634
0.1 16.0 11 retraso20 18 18 0.5263157894736842
0.1 16.0 11 retraso60 16 17 0.5124653739612188
0.1 16.0 11 burst300 16 15 0.5124653739612188
0.1 16.0 11 parasita5 17 19 0.5096952908587258
0.1 16.0 11 retro500 17 19 0.5096952908587258
0.1 16.0 23 instant 6 6 0.5333333333333333
0.1 16.0 23 retraso20 17 17 0.52
0.1 16.0 23 retraso60 16 17 0.504
0.1 16.0 23 burst300 12 17 0.52
0.1 16.0 23 parasita5 17 16 0.512
0.1 16.0 23 retro500 17 16 0.512
0.1 16.0 37 instant 6 6 0.5224274406332454
0.1 16.0 37 retraso20 17 18 0.5092348284960422
0.1 16.0 37 retraso60 17 17 0.5197889182058048
0.1 16.0 37 burst300 14 18 0.5277044854881267
0.1 16.0 37 parasita5 17 19 0.5145118733509235
0.1 16.0 37 retro500 17 19 0.5145118733509235
0.1 16.0 41 instant 4 3 0.5416666666666666
0.1 16.0 41 retraso20 16 15 0.5208333333333334
0.1 16.0 41 retraso60 15 14 0.5238095238095238
0.1 16.0 41 burst300 11 14 0.5148809523809523
0.1 16.0 41 parasita5 15 15 0.5029761904761905
0.1 16.0 41 retro500 15 15 0.5029761904761905
0.1 16.0 59 instant 6 7 0.5198863636363636
0.1 16.0 59 retraso20 17 18 0.5170454545454546
0.1 16.0 59 retraso60 14 16 0.5085227272727273
0.1 16.0 59 burst300 12 17 0.5142045454545454
0.1 16.0 59 parasita5 14 16 0.5028409090909091
0.1 16.0 59 retro500 14 16 0.5028409090909091
0.1 16.0 67 instant 5 4 0.5292479108635098
0.1 16.0 67 retraso20 17 16 0.5125348189415042
0.1 16.0 67 retraso60 16 14 0.5069637883008357
0.1 16.0 67 burst300 14 14 0.5181058495821727
0.1 16.0 67 parasita5 17 16 0.5236768802228412
0.1 16.0 67 retro500 17 16 0.5236768802228412
0.1 16.0 73 instant 5 6 0.5096952908587258
0.1 16.0 73 retraso20 16 18 0.5069252077562327
0.1 16.0 73 retraso60 15 17 0.5013850415512465
0.1 16.0 73 burst300 13 17 0.5263157894736842
0.1 16.0 73 parasita5 16 18 0.5013850415512465
0.1 16.0 73 retro500 16 18 0.5013850415512465
0.1 16.0 89 instant 6 7 0.5026041666666666
0.1 16.0 89 retraso20 17 19 0.5026041666666666
0.1 16.0 89 retraso60 18 18 0.515625
0.1 16.0 89 burst300 14 19 0.5130208333333334
0.1 16.0 89 parasita5 17 18 0.5078125
0.1 16.0 89 retro500 17 18 0.5078125
0.1 16.0 97 instant 6 5 0.5294117647058824
0.1 16.0 97 retraso20 15 15 0.5201238390092879
0.1 16.0 97 retraso60 13 14 0.5108359133126935
0.1 16.0 97 burst300 11 14 0.5386996904024768
0.1 16.0 97 parasita5 13 13 0.5139318885448917
0.1 16.0 97 retro500 13 13 0.5139318885448917
0.1 16.0 101 instant 6 5 0.5390625
0.1 16.0 101 retraso20 18 18 0.5
0.1 16.0 101 retraso60 17 15 0.5130208333333334
0.1 16.0 101 burst300 12 16 0.515625
0.1 16.0 101 parasita5 18 15 0.5078125
0.1 16.0 101 retro500 18 15 0.5078125
0.1 16.0 113 instant 6 5 0.5065963060686016
0.1 16.0 113 retraso20 17 19 0.5118733509234829
0.1 16.0 113 retraso60 17 18 0.5171503957783641
0.1 16.0 113 burst300 15 18 0.5118733509234829
0.1 16.0 113 parasita5 17 18 0.5013192612137203
0.1 16.0 113 retro500 17 18 0.5013192612137203
0.1 16.0 127 instant 5 3 0.5484764542936288
0.1 16.0 127 retraso20 17 16 0.518005540166205
0.1 16.0 127 retraso60 15 15 0.5013850415512465
0.1 16.0 127 burst300 12 15 0.518005540166205
0.1 16.0 127 parasita5 16 14 0.5096952908587258
0.1 16.0 127 retro500 16 14 0.5096952908587258
0.1 20.0 11 instant 5 4 0.5152354570637119
0.1 20.0 11 retraso20 21 21 0.5013850415512465
0.1 20.0 11 retraso60 27 27 0.5484764542936288
0.1 20.0 11 burst300 22 23 0.5069252077562327
0.1 20.0 11 parasita5 24 25 0.5290858725761773
0.1 20.0 11 retro500 24 25 0.5290858725761773
0.1 20.0 23 instant 6 6 0.52
0.1 20.0 23 retraso20 21 22 0.504
0.1 20.0 23 retraso60 26 26 0.5066666666666667
0.1 20.0 23 burst300 15 26 0.5093333333333333
0.1 20.0 23 parasita5 26 28 0.52
0.1 20.0 23 retro500 26 28 0.52
0.1 20.0 37 instant 6 7 0.5092348284960422
0.1 20.0 37 retraso20 21 23 0.5092348284960422
0.1 20.0 37 retraso60 24 25 0.5145118733509235
0.1 20.0 37 burst300 18 25 0.5092348284960422
0.1 20.0 37 parasita5 23 27 0.5092348284960422
0.1 20.0 37 retro500 23 27 0.5092348284960422
0.1 20.0 41 instant 4 4 0.5178571428571429
0.1 20.0 41 retraso20 19 18 0.5059523809523809
0.1 20.0 41 retraso60 24 24 0.5297619047619048
0.1 20.0 41 burst300 14 22 0.5148809523809523
0.1 20.0 41 parasita5 22 19 0.5029761904761905
0.1 20.0 41 retro500 22 19 0.5029761904761905
0.1 20.0 59 instant 6 8 0.5056818181818182
0.1 20.0 59 retraso20 19 21 0.5
0.1 20.0 59 retraso60 21 24 0.5142045454545454
0.1 20.0 59 burst300 15 24 0.5
0.1 20.0 59 parasita5 21 24 0.5028409090909091
0.1 20.0 59 retro500 21 24 0.5028409090909091
0.1 20.0 67 instant 5 4 0.520891364902507
0.1 20.0 67 retraso20 21 19 0.5041782729805014
0.1 20.0 67 retraso60 25 21 0.5041782729805014
0.1 20.0 67 burst300 21 19 0.5515320334261838
0.1 20.0 67 parasita5 22 24 0.5041782729805014
0.1 20.0 67 retro500 22 24 0.5041782729805014
0.1 20.0 73 instant 5 6 0.5207756232686981
0.1 20.0 73 retraso20 21 22 0.5263157894736842
0.1 20.0 73 retraso60 24 32 0.5069252077562327
0.1 20.0 73 burst300 16 29 0.5013850415512465
0.1 20.0 73 parasita5 22 28 0.5152354570637119
0.1 20.0 73 retro500 22 28 0.5152354570637119
0.1 20.0 89 instant 6 7 0.5
0.1 20.0 89 retraso20 21 21 0.5130208333333334
0.1 20.0 89 retraso60 25 31 0.5078125
0.1 20.0 89 burst300 16 29 0.5104166666666666
0.1 20.0 89 parasita5 25 27 0.5078125
0.1 20.0 89 retro500 25 27 0.5078125
0.1 20.0 97 instant 7 6 0.544891640866873
0.1 20.0 97 retraso20 18 19 0.5232198142414861
0.1 20.0 97 retraso60 18 20 0.5077399380804953
0.1 20.0 97 burst300 14 19 0.5325077399380805
0.1 20.0 97 parasita5 18 16 0.5015479876160991
0.1 20.0 97 retro500 18 16 0.5015479876160991
0.1 20.0 101 instant 6 5 0.5364583333333334
0.1 20.0 101 retraso20 21 20 0.5130208333333334
0.1 20.0 101 retraso60 27 23 0.5026041666666666
0.1 20.0 101 burst300 15 20 0.5052083333333334
0.1 20.0 101 parasita5 25 21 0.5026041666666666
0.1 20.0 101 retro500 25 21 0.5026041666666666
0.1 20.0 113 instant 7 6 0.5145118733509235
0.1 20.0 113 retraso20 22 23 0.5197889182058048
0.1 20.0 113 retraso60 24 27 0.503957783641161
0.1 20.0 113 burst300 21 26 0.5092348284960422
0.1 20.0 113 parasita5 26 27 0.5303430079155673
0.1 20.0 113 retro500 26 27 0.5303430079155673
0.1 20.0 127 instant 5 4 0.5401662049861495
0.1 20.0 127 retraso20 20 18 0.5152354570637119
0.1 20.0 127 retraso60 23 20 0.5013850415512465
0.1 20.0 127 burst300 14 20 0.5013850415512465
0.1 20.0 127 parasita5 22 20 0.518005540166205
0.1 20.0 127 retro500 22 20 0.518005540166205
0.25 1.0 11 instant 0 0 0.5993377483443708
0.25 1.0 11 retraso20 0 0 0.5728476821192053
0.25 1.0 11 retraso60 0 0 0.5728476821192053
0.25 1.0 11 burst300 0 0 0.5596026490066225
0.25 1.0 11 parasita5 0 0 0.5728476821192053
0.25 1.0 11 retro500 0 0 0.5728476821192053
0.25 1.0 23 instant 0 0 0.5968253968253968
0.25 1.0 23 retraso20 0 0 0.5492063492063493
0.25 1.0 23 retraso60 0 0 0.5492063492063493
0.25 1.0 23 burst300 0 0 0.5619047619047619
0.25 1.0 23 parasita5 0 0 0.546031746031746
0.25 1.0 23 retro500 0 0 0.546031746031746
0.25 1.0 37 instant 0 0 0.630718954248366
0.25 1.0 37 retraso20 0 0 0.5947712418300654
0.25 1.0 37 retraso60 0 0 0.5947712418300654
0.25 1.0 37 burst300 0 0 0.565359477124183
0.25 1.0 37 parasita5 0 0 0.5947712418300654
0.25 1.0 37 retro500 0 0 0.5947712418300654
0.25 1.0 41 instant 0 0 0.5957446808510638
0.25 1.0 41 retraso20 0 0 0.5638297872340425
0.25 1.0 41 retraso60 0 0 0.5638297872340425
0.25 1.0 41 burst300 0 0 0.5673758865248227
0.25 1.0 41 parasita5 0 0 0.5638297872340425
0.25 1.0 41 retro500 0 0 0.5638297872340425
0.25 1.0 59 instant 0 0 0.5958188153310104
0.25 1.0 59 retraso20 0 0 0.5749128919860628
0.25 1.0 59 retraso60 0 0 0.5749128919860628
0.25 1.0 59 burst300 0 0 0.5818815331010453
0.25 1.0 59 parasita5 0 0 0.5749128919860628
0.25 1.0 59 retro500 0 0 0.5749128919860628
0.25 1.0 67 instant 0 0 0.63
0.25 1.0 67 retraso20 0 0 0.59
0.25 1.0 67 retraso60 0 0 0.59
0.25 1.0 67 burst300 0 0 0.5933333333333334
0.25 1.0 67 parasita5 0 0 0.59
0.25 1.0 67 retro500 0 0 0.59
0.25 1.0 73 instant 0 0 0.594059405940594
0.25 1.0 73 retraso20 0 0 0.5676567656765676
0.25 1.0 73 retraso60 0 0 0.5676567656765676
0.25 1.0 73 burst300 0 0 0.570957095709571
0.25 1.0 73 parasita5 0 0 0.5643564356435643
0.25 1.0 73 retro500 0 0 0.5643564356435643
0.25 1.0 89 instant 0 0 0.5865384615384616
0.25 1.0 89 retraso20 0 0 0.5352564102564102
0.25 1.0 89 retraso60 0 0 0.5352564102564102
0.25 1.0 89 burst300 0 0 0.5576923076923077
0.25 1.0 89 parasita5 0 0 0.5480769230769231
0.25 1.0 89 retro500 0 0 0.5480769230769231
0.25 1.0 97 instant 0 0 0.6173285198555957
0.25 1.0 97 retraso20 0 0 0.592057761732852
0.25 1.0 97 retraso60 0 0 0.592057761732852
0.25 1.0 97 burst300 0 0 0.5956678700361011
0.25 1.0 97 parasita5 0 0 0.5884476534296029
0.25 1.0 97 retro500 0 0 0.5884476534296029
0.25 1.0 101 instant 0 0 0.5913312693498453
0.25 1.0 101 retraso20 0 0 0.5510835913312694
0.25 1.0 101 retraso60 0 0 0.5510835913312694
0.25 1.0 101 burst300 0 0 0.56656346749226
0.25 1.0 101 parasita5 0 0 0.5572755417956656
0.25 1.0 101 retro500 0 0 0.5572755417956656
0.25 1.0 113 instant 0 0 0.5669781931464174
0.25 1.0 113 retraso20 0 0 0.5514018691588785
0.25 1.0 113 retraso60 0 0 0.5514018691588785
0.25 1.0 113 burst300 0 0 0.5638629283489096
0.25 1.0 113 parasita5 0 0 0.5514018691588785
0.25 1.0 113 retro500 0 0 0.5514018691588785
0.25 1.0 127 instant 0 0 0.5894039735099338
0.25 1.0 127 retraso20 0 1 0.5695364238410596
0.25 1.0 127 retraso60 0 1 0.5695364238410596
0.25 1.0 127 burst300 0 1 0.5761589403973509
0.25 1.0 127 parasita5 0 0 0.5695364238410596
0.25 1.0 127 retro500 0 0 0.5695364238410596
0.25 4.0 11 instant 1 1 0.5496688741721855
0.25 4.0 11 retraso20 4 4 0.6026490066225165
0.25 4.0 11 retraso60 3 3 0.5629139072847682
0.25 4.0 11 burst300 3 3 0.5794701986754967
0.25 4.0 11 parasita5 3 3 0.5529801324503312
0.25 4.0 11 retro500 3 3 0.5529801324503312
0.25 4.0 23 instant 1 1 0.580952380952381
0.25 4.0 23 retraso20 3 3 0.5619047619047619
0.25 4.0 23 retraso60 3 3 0.5746031746031746
0.25 4.0 23 burst300 3 3 0.6222222222222222
0.25 4.0 23 parasita5 3 3 0.580952380952381
0.25 4.0 23 retro500 3 3 0.580952380952381
0.25 4.0 37 instant 1 1 0.565359477124183
0.25 4.0 37 retraso20 3 3 0.6111111111111112
0.25 4.0 37 retraso60 2 3 0.5
0.25 4.0 37 burst300 2 3 0.5163398692810458
0.25 4.0 37 parasita5 3 3 0.6045751633986928
0.25 4.0 37 retro500 3 3 0.6045751633986928
0.25 4.0 41 instant 1 1 0.5780141843971631
0.25 4.0 41 retraso20 2 2 0.5390070921985816
0.25 4.0 41 retraso60 2 2 0.5390070921985816
0.25 4.0 41 burst300 2 2 0.5851063829787234
0.25 4.0 41 parasita5 2 2 0.5354609929078015
0.25 4.0 41 retro500 2 2 0.5354609929078015
0.25 4.0 59 instant 1 1 0.5435540069686411
0.25 4.0 59 retraso20 3 2 0.5958188153310104
0.25 4.0 59 retraso60 3 2 0.5958188153310104
0.25 4.0 59 burst300 2 2 0.5609756097560976
0.25 4.0 59 parasita5 3 2 0.5888501742160279
0.25 4.0 59 retro500 3 2 0.5888501742160279
0.25 4.0 67 instant 1 1 0.54
0.25 4.0 67 retraso20 2 2 0.53
0.25 4.0 67 retraso60 2 2 0.53
0.25 4.0 67 burst300 2 2 0.5433333333333333
0.25 4.0 67 parasita5 2 2 0.53
0.25 4.0 67 retro500 2 2 0.53
0.25 4.0 73 instant 1 1 0.5676567656765676
0.25 4.0 73 retraso20 3 3 0.6171617161716172
0.25 4.0 73 retraso60 3 3 0.6171617161716172
0.25 4.0 73 burst300 2 3 0.5214521452145214
0.25 4.0 73 parasita5 3 3 0.6171617161716172
0.25 4.0 73 retro500 3 3 0.6171617161716172
0.25 4.0 89 instant 1 1 0.5641025641025641
0.25 4.0 89 retraso20 3 3 0.5801282051282052
0.25 4.0 89 retraso60 3 3 0.5801282051282052
0.25 4.0 89 burst300 2 3 0.5032051282051282
0.25 4.0 89 parasita5 3 3 0.5801282051282052
0.25 4.0 89 retro500 3 3 0.5801282051282052
0.25 4.0 97 instant 1 1 0.5342960288808665
0.25 4.0 97 retraso20 3 3 0.628158844765343
0.25 4.0 97 retraso60 2 2 0.5090252707581228
0.25 4.0 97 burst300 2 2 0.5379061371841155
0.25 4.0 97 parasita5 3 2 0.6209386281588448
0.25 4.0 97 retro500 3 2 0.6209386281588448
0.25 4.0 101 instant 1 1 0.5294117647058824
0.25 4.0 101 retraso20 3 3 0.5603715170278638
0.25 4.0 101 retraso60 3 3 0.5603715170278638
0.25 4.0 101 burst300 2 3 0.5325077399380805
0.25 4.0 101 parasita5 3 3 0.5696594427244582
0.25 4.0 101 retro500 3 3 0.5696594427244582
0.25 4.0 113 instant 1 1 0.5046728971962616
0.25 4.0 113 retraso20 3 3 0.5669781931464174
0.25 4.0 113 retraso60 3 3 0.5794392523364486
0.25 4.0 113 burst300 2 3 0.5264797507788161
0.25 4.0 113 parasita5 3 3 0.5794392523364486
0.25 4.0 113 retro500 3 3 0.5794392523364486
0.25 4.0 127 instant 1 1 0.5629139072847682
0.25 4.0 127 retraso20 3 3 0.6192052980132451
0.25 4.0 127 retraso60 2 2 0.5033112582781457
0.25 4.0 127 burst300 2 2 0.543046357615894
0.25 4.0 127 parasita5 2 2 0.5033112582781457
0.25 4.0 127 retro500 2 2 0.5033112582781457
0.25 16.0 11 instant 2 2 0.5827814569536424
0.25 16.0 11 retraso20 16 18 0.5033112582781457
0.25 16.0 11 retraso60 15 12 0.5099337748344371
0.25 16.0 11 burst300 12 13 0.5033112582781457
0.25 16.0 11 parasita5 13 16 0.5
0.25 16.0 11 retro500 13 16 0.5
0.25 16.0 23 instant 2 2 0.5904761904761905
0.25 16.0 23 retraso20 18 17 0.526984126984127
0.25 16.0 23 retraso60 14 15 0.5047619047619047
0.25 16.0 23 burst300 12 13 0.5841269841269842
0.25 16.0 23 parasita5 14 15 0.5111111111111111
0.25 16.0 23 retro500 14 15 0.5111111111111111
0.25 16.0 37 instant 2 2 0.6111111111111112
0.25 16.0 37 retraso20 17 18 0.5
0.25 16.0 37 retraso60 14 15 0.565359477124183
0.25 16.0 37 burst300 9 15 0.5163398692810458
0.25 16.0 37 parasita5 13 14 0.5294117647058824
0.25 16.0 37 retro500 13 14 0.5294117647058824
0.25 16.0 41 instant 2 1 0.5921985815602837
0.25 16.0 41 retraso20 16 14 0.5212765957446809
0.25 16.0 41 retraso60 12 15 0.5212765957446809
0.25 16.0 41 burst300 10 13 0.5567375886524822
0.25 16.0 41 parasita5 12 12 0.5
0.25 16.0 41 retro500 12 12 0.5
0.25 16.0 59 instant 2 2 0.5818815331010453
0.25 16.0 59 retraso20 16 16 0.5296167247386759
0.25 16.0 59 retraso60 13 13 0.5749128919860628
0.25 16.0 59 burst300 7 13 0.5087108013937283
0.25 16.0 59 parasita5 12 13 0.5121951219512195
0.25 16.0 59 retro500 12 13 0.5121951219512195
0.25 16.0 67 instant 2 1 0.6
0.25 16.0 67 retraso20 17 16 0.5266666666666666
0.25 16.0 67 retraso60 12 11 0.5166666666666667
0.25 16.0 67 burst300 11 12 0.5266666666666666
0.25 16.0 67 parasita5 13 13 0.5233333333333333
0.25 16.0 67 retro500 13 13 0.5233333333333333
0.25 16.0 73 instant 2 2 0.594059405940594
0.25 16.0 73 retraso20 17 18 0.5016501650165016
0.25 16.0 73 retraso60 16 15 0.5775577557755776
0.25 16.0 73 burst300 9 16 0.5148514851485149
0.25 16.0 73 parasita5 12 14 0.5115511551155115
0.25 16.0 73 retro500 12 14 0.5115511551155115
0.25 16.0 89 instant 2 2 0.6057692307692307
0.25 16.0 89 retraso20 17 19 0.5032051282051282
0.25 16.0 89 retraso60 13 16 0.5256410256410257
0.25 16.0 89 burst300 10 15 0.5224358974358975
0.25 16.0 89 parasita5 14 15 0.5224358974358975
0.25 16.0 89 retro500 14 15 0.5224358974358975
0.25 16.0 97 instant 2 2 0.516245487364621
0.25 16.0 97 retraso20 15 15 0.5342960288808665
0.25 16.0 97 retraso60 11 19 0.5234657039711191
0.25 16.0 97 burst300 9 14 0.5667870036101083
0.25 16.0 97 parasita5 12 13 0.5234657039711191
0.25 16.0 97 retro500 12 13 0.5234657039711191
0.25 16.0 101 instant 2 2 0.5882352941176471
0.25 16.0 101 retraso20 18 16 0.5294117647058824
0.25 16.0 101 retraso60 14 16 0.5170278637770898
0.25 16.0 101 burst300 11 16 0.5510835913312694
0.25 16.0 101 parasita5 14 13 0.5077399380804953
0.25 16.0 101 retro500 14 13 0.5077399380804953
0.25 16.0 113 instant 2 2 0.514018691588785
0.25 16.0 113 retraso20 17 18 0.5233644859813084
0.25 16.0 113 retraso60 13 15 0.514018691588785
0.25 16.0 113 burst300 9 14 0.514018691588785
0.25 16.0 113 parasita5 14 16 0.514018691588785
0.25 16.0 113 retro500 14 16 0.514018691588785
0.25 16.0 127 instant 2 1 0.5993377483443708
0.25 16.0 127 retraso20 17 15 0.5298013245033113
0.25 16.0 127 retraso60 13 14 0.5066225165562914
0.25 16.0 127 burst300 10 11 0.5132450331125827
0.25 16.0 127 parasita5 12 11 0.5066225165562914
0.25 16.0 127 retro500 12 11 0.5066225165562914
0.25 20.0 11 instant 2 2 0.5827814569536424
0.25 20.0 11 retraso20 19 20 0.5165562913907285
0.25 20.0 11 retraso60 26 34 0.5066225165562914
0.25 20.0 11 burst300 12 19 0.5198675496688742
0.25 20.0 11 parasita5 20 22 0.5364238410596026
0.25 20.0 11 retro500 20 22 0.5364238410596026
0.25 20.0 23 instant 2 2 0.5904761904761905
0.25 20.0 23 retraso20 21 20 0.5174603174603175
0.25 20.0 23 retraso60 34 33 0.5079365079365079
0.25 20.0 23 burst300 14 27 0.5492063492063493
0.25 20.0 23 parasita5 19 19 0.5301587301587302
0.25 20.0 23 retro500 19 19 0.5301587301587302
0.25 20.0 37 instant 2 2 0.6111111111111112
0.25 20.0 37 retraso20 20 20 0.5
0.25 20.0 37 retraso60 35 32 0.6013071895424836
0.25 20.0 37 burst300 12 23 0.5065359477124183
0.25 20.0 37 parasita5 18 19 0.5196078431372549
0.25 20.0 37 retro500 18 19 0.5196078431372549
0.25 20.0 41 instant 2 1 0.5886524822695035
0.25 20.0 41 retraso20 19 18 0.5106382978723404
0.25 20.0 41 retraso60 28 28 0.5425531914893617
0.25 20.0 41 burst300 10 15 0.5106382978723404
0.25 20.0 41 parasita5 17 16 0.5106382978723404
0.25 20.0 41 retro500 17 16 0.5106382978723404
0.25 20.0 59 instant 2 2 0.578397212543554
0.25 20.0 59 retraso20 19 19 0.5156794425087108
0.25 20.0 59 retraso60 26 23 0.5052264808362369
0.25 20.0 59 burst300 10 15 0.519163763066202
0.25 20.0 59 parasita5 16 17 0.5226480836236934
0.25 20.0 59 retro500 16 17 0.5226480836236934
0.25 20.0 67 instant 2 1 0.6
0.25 20.0 67 retraso20 20 18 0.5333333333333333
0.25 20.0 67 retraso60 23 29 0.5033333333333333
0.25 20.0 67 burst300 16 18 0.5933333333333334
0.25 20.0 67 parasita5 17 15 0.51
0.25 20.0 67 retro500 17 15 0.51
0.25 20.0 73 instant 2 2 0.594059405940594
0.25 20.0 73 retraso20 20 21 0.5016501650165016
0.25 20.0 73 retraso60 21 33 0.5082508250825083
0.25 20.0 73 burst300 17 23 0.5544554455445545
0.25 20.0 73 parasita5 17 22 0.5181518151815182
0.25 20.0 73 retro500 17 22 0.5181518151815182
0.25 20.0 89 instant 2 2 0.6057692307692307
0.25 20.0 89 retraso20 20 21 0.5192307692307693
0.25 20.0 89 retraso60 33 34 0.5544871794871795
0.25 20.0 89 burst300 15 21 0.5032051282051282
0.25 20.0 89 parasita5 19 20 0.5160256410256411
0.25 20.0 89 retro500 19 20 0.5160256410256411
0.25 20.0 97 instant 2 2 0.516245487364621
0.25 20.0 97 retraso20 17 18 0.51985559566787
0.25 20.0 97 retraso60 24 21 0.5054151624548736
0.25 20.0 97 burst300 13 18 0.6173285198555957
0.25 20.0 97 parasita5 14 14 0.5126353790613718
0.25 20.0 97 retro500 14 14 0.5126353790613718
0.25 20.0 101 instant 2 2 0.5882352941176471
0.25 20.0 101 retraso20 21 18 0.5232198142414861
0.25 20.0 101 retraso60 30 29 0.5015479876160991
0.25 20.0 101 burst300 12 24 0.5294117647058824
0.25 20.0 101 parasita5 19 19 0.5015479876160991
0.25 20.0 101 retro500 19 19 0.5015479876160991
0.25 20.0 113 instant 2 2 0.5109034267912772
0.25 20.0 113 retraso20 20 20 0.5077881619937694
0.25 20.0 113 retraso60 24 37 0.514018691588785
0.25 20.0 113 burst300 13 25 0.5700934579439252
0.25 20.0 113 parasita5 19 21 0.5046728971962616
0.25 20.0 113 retro500 19 21 0.5046728971962616
0.25 20.0 127 instant 2 1 0.5993377483443708
0.25 20.0 127 retraso20 20 18 0.5165562913907285
0.25 20.0 127 retraso60 34 28 0.5066225165562914
0.25 20.0 127 burst300 15 18 0.5629139072847682
0.25 20.0 127 parasita5 19 16 0.5132450331125827
0.25 20.0 127 retro500 19 16 0.5132450331125827
0.4 1.0 11 instant 0 0 0.6653225806451613
0.4 1.0 11 retraso20 1 1 0.8185483870967742
0.4 1.0 11 retraso60 0 1 0.5483870967741935
0.4 1.0 11 burst300 0 1 0.5080645161290323
0.4 1.0 11 parasita5 0 0 0.6088709677419355
0.4 1.0 11 retro500 0 0 0.6088709677419355
0.4 1.0 23 instant 0 0 0.6782945736434108
0.4 1.0 23 retraso20 1 1 0.8410852713178295
0.4 1.0 23 retraso60 0 1 0.6046511627906976
0.4 1.0 23 burst300 0 1 0.5930232558139535
0.4 1.0 23 parasita5 0 0 0.6124031007751938
0.4 1.0 23 retro500 0 0 0.6124031007751938
0.4 1.0 37 instant 1 1 0.8755186721991701
0.4 1.0 37 retraso20 1 3 0.5560165975103735
0.4 1.0 37 retraso60 1 3 0.5643153526970954
0.4 1.0 37 burst300 1 3 0.7925311203319502
0.4 1.0 37 parasita5 0 0 0.6224066390041494
0.4 1.0 37 retro500 0 0 0.6224066390041494
0.4 1.0 41 instant 1 1 0.8711111111111111
0.4 1.0 41 retraso20 1 1 0.8
0.4 1.0 41 retraso60 1 1 0.8
0.4 1.0 41 burst300 1 1 0.8533333333333334
0.4 1.0 41 parasita5 0 0 0.6266666666666667
0.4 1.0 41 retro500 0 0 0.6266666666666667
0.4 1.0 59 instant 0 0 0.6638297872340425
0.4 1.0 59 retraso20 1 1 0.6723404255319149
0.4 1.0 59 retraso60 0 0 0.5063829787234042
0.4 1.0 59 burst300 0 0 0.6425531914893617
0.4 1.0 59 parasita5 0 0 0.6340425531914894
0.4 1.0 59 retro500 0 0 0.6340425531914894
0.4 1.0 67 instant 0 0 0.6762295081967213
0.4 1.0 67 retraso20 1 1 0.8647540983606558
0.4 1.0 67 retraso60 1 1 0.8647540983606558
0.4 1.0 67 burst300 1 1 0.8237704918032787
0.4 1.0 67 parasita5 0 0 0.6229508196721312
0.4 1.0 67 retro500 0 0 0.6229508196721312
0.4 1.0 73 instant 0 0 0.6468253968253969
0.4 1.0 73 retraso20 1 1 0.8571428571428571
0.4 1.0 73 retraso60 1 1 0.8571428571428571
0.4 1.0 73 burst300 0 1 0.5833333333333334
0.4 1.0 73 parasita5 0 0 0.6031746031746031
0.4 1.0 73 retro500 0 0 0.6031746031746031
0.4 1.0 89 instant 0 0 0.6342412451361867
0.4 1.0 89 retraso20 1 1 0.7898832684824902
0.4 1.0 89 retraso60 1 1 0.7898832684824902
0.4 1.0 89 burst300 1 1 0.8249027237354085
0.4 1.0 89 parasita5 0 0 0.5914396887159533
0.4 1.0 89 retro500 0 0 0.5914396887159533
0.4 1.0 97 instant 0 0 0.6826086956521739
0.4 1.0 97 retraso20 0 0 0.508695652173913
0.4 1.0 97 retraso60 0 0 0.6391304347826087
0.4 1.0 97 burst300 0 0 0.508695652173913
0.4 1.0 97 parasita5 0 0 0.6347826086956522
0.4 1.0 97 retro500 0 0 0.6347826086956522
0.4 1.0 101 instant 0 0 0.6578947368421053
0.4 1.0 101 retraso20 1 1 0.7857142857142857
0.4 1.0 101 retraso60 1 1 0.7857142857142857
0.4 1.0 101 burst300 0 1 0.6203007518796992
0.4 1.0 101 parasita5 0 0 0.6127819548872181
0.4 1.0 101 retro500 0 0 0.6127819548872181
0.4 1.0 113 instant 0 0 0.649402390438247
0.4 1.0 113 retraso20 1 1 0.7410358565737052
0.4 1.0 113 retraso60 1 1 0.8286852589641435
0.4 1.0 113 burst300 1 1 0.6772908366533864
0.4 1.0 113 parasita5 0 0 0.6135458167330677
0.4 1.0 113 retro500 0 0 0.6135458167330677
0.4 1.0 127 instant 1 1 0.8987341772151899
0.4 1.0 127 retraso20 1 1 0.7257383966244726
0.4 1.0 127 retraso60 1 1 0.8396624472573839
0.4 1.0 127 burst300 1 1 0.5274261603375527
0.4 1.0 127 parasita5 0 0 0.6371308016877637
0.4 1.0 127 retro500 0 0 0.6371308016877637
0.4 4.0 11 instant 1 1 0.6653225806451613
0.4 4.0 11 retraso20 4 5 0.5120967741935484
0.4 4.0 11 retraso60 3 3 0.5725806451612904
0.4 4.0 11 burst300 3 3 0.5120967741935484
0.4 4.0 11 parasita5 2 2 0.5282258064516129
0.4 4.0 11 retro500 2 2 0.5282258064516129
0.4 4.0 23 instant 1 1 0.7248062015503876
0.4 4.0 23 retraso20 4 4 0.748062015503876
0.4 4.0 23 retraso60 3 3 0.6627906976744186
0.4 4.0 23 burst300 3 3 0.6821705426356589
0.4 4.0 23 parasita5 2 2 0.5387596899224806
0.4 4.0 23 retro500 2 2 0.5387596899224806
0.4 4.0 37 instant 2 2 0.8298755186721992
0.4 4.0 37 retraso20 6 7 0.5933609958506224
0.4 4.0 37 retraso60 4 8 0.5062240663900415
0.4 4.0 37 burst300 4 8 0.7551867219917012
0.4 4.0 37 parasita5 2 2 0.5601659751037344
0.4 4.0 37 retro500 2 2 0.5601659751037344
0.4 4.0 41 instant 2 2 0.7955555555555556
0.4 4.0 41 retraso20 4 3 0.6133333333333333
0.4 4.0 41 retraso60 3 3 0.6666666666666666
0.4 4.0 41 burst300 3 3 0.5333333333333333
0.4 4.0 41 parasita5 2 2 0.5822222222222222
0.4 4.0 41 retro500 2 2 0.5822222222222222
0.4 4.0 59 instant 1 1 0.6595744680851063
0.4 4.0 59 retraso20 4 4 0.6425531914893617
0.4 4.0 59 retraso60 3 3 0.5531914893617021
0.4 4.0 59 burst300 2 3 0.625531914893617
0.4 4.0 59 parasita5 2 2 0.5659574468085107
0.4 4.0 59 retro500 2 2 0.5659574468085107
0.4 4.0 67 instant 1 1 0.7090163934426229
0.4 4.0 67 retraso20 4 5 0.5081967213114754
0.4 4.0 67 retraso60 4 4 0.7704918032786885
0.4 4.0 67 burst300 4 4 0.5983606557377049
0.4 4.0 67 parasita5 2 1 0.6065573770491803
0.4 4.0 67 retro500 2 1 0.6065573770491803
0.4 4.0 73 instant 1 1 0.6785714285714286
0.4 4.0 73 retraso20 3 4 0.5793650793650794
0.4 4.0 73 retraso60 3 3 0.6825396825396826
0.4 4.0 73 burst300 3 3 0.7142857142857143
0.4 4.0 73 parasita5 2 2 0.5555555555555556
0.4 4.0 73 retro500 2 2 0.5555555555555556
0.4 4.0 89 instant 1 1 0.6926070038910506
0.4 4.0 89 retraso20 5 3 0.7276264591439688
0.4 4.0 89 retraso60 3 4 0.5642023346303502
0.4 4.0 89 burst300 3 4 0.5719844357976653
0.4 4.0 89 parasita5 2 2 0.5719844357976653
0.4 4.0 89 retro500 2 2 0.5719844357976653
0.4 4.0 97 instant 1 1 0.6826086956521739
0.4 4.0 97 retraso20 3 3 0.5434782608695652
0.4 4.0 97 retraso60 3 3 0.7086956521739131
0.4 4.0 97 burst300 3 3 0.5130434782608696
0.4 4.0 97 parasita5 2 2 0.591304347826087
0.4 4.0 97 retro500 2 2 0.591304347826087
0.4 4.0 101 instant 1 1 0.6879699248120301
0.4 4.0 101 retraso20 3 6 0.5601503759398496
0.4 4.0 101 retraso60 4 4 0.7218045112781954
0.4 4.0 101 burst300 3 4 0.6954887218045113
0.4 4.0 101 parasita5 2 2 0.5338345864661654
0.4 4.0 101 retro500 2 2 0.5338345864661654
0.4 4.0 113 instant 2 2 0.7729083665338645
0.4 4.0 113 retraso20 5 4 0.6055776892430279
0.4 4.0 113 retraso60 4 4 0.7410358565737052
0.4 4.0 113 burst300 3 4 0.5657370517928287
0.4 4.0 113 parasita5 2 2 0.5657370517928287
0.4 4.0 113 retro500 2 2 0.5657370517928287
0.4 4.0 127 instant 1 3 0.7172995780590717
0.4 4.0 127 retraso20 4 5 0.5021097046413502
0.4 4.0 127 retraso60 4 5 0.8059071729957806
0.4 4.0 127 burst300 5 5 0.5569620253164557
0.4 4.0 127 parasita5 2 2 0.5949367088607594
0.4 4.0 127 retro500 2 2 0.5949367088607594
0.4 16.0 11 instant 2 1 0.717741935483871
0.4 16.0 11 retraso20 20 20 0.6370967741935484
0.4 16.0 11 retraso60 16 15 0.6411290322580645
0.4 16.0 11 burst300 16 20 0.5040322580645161
0.4 16.0 11 parasita5 10 13 0.5080645161290323
0.4 16.0 11 retro500 10 13 0.5080645161290323
0.4 16.0 23 instant 1 1 0.7054263565891473
0.4 16.0 23 retraso20 21 20 0.6162790697674418
0.4 16.0 23 retraso60 18 17 0.6550387596899225
0.4 16.0 23 burst300 14 16 0.6395348837209303
0.4 16.0 23 parasita5 11 13 0.5077519379844961
0.4 16.0 23 retro500 11 13 0.5077519379844961
0.4 16.0 37 instant 2 2 0.7925311203319502
0.4 16.0 37 retraso20 25 25 0.7676348547717843
0.4 16.0 37 retraso60 17 45 0.5103734439834025
0.4 16.0 37 burst300 17 None 0.7676348547717843
0.4 16.0 37 parasita5 10 11 0.5228215767634855
0.4 16.0 37 retro500 10 11 0.5228215767634855
0.4 16.0 41 instant 2 2 0.7688888888888888
0.4 16.0 41 retraso20 22 22 0.7022222222222222
0.4 16.0 41 retraso60 15 36 0.6355555555555555
0.4 16.0 41 burst300 14 24 0.6355555555555555
0.4 16.0 41 parasita5 9 9 0.5022222222222222
0.4 16.0 41 retro500 9 9 0.5022222222222222
0.4 16.0 59 instant 2 2 0.7446808510638298
0.4 16.0 59 retraso20 19 18 0.6297872340425532
0.4 16.0 59 retraso60 13 14 0.502127659574468
0.4 16.0 59 burst300 11 13 0.6638297872340425
0.4 16.0 59 parasita5 9 9 0.5148936170212766
0.4 16.0 59 retro500 9 9 0.5148936170212766
0.4 16.0 67 instant 2 1 0.8032786885245902
0.4 16.0 67 retraso20 22 21 0.6762295081967213
0.4 16.0 67 retraso60 19 35 0.6598360655737705
0.4 16.0 67 burst300 17 17 0.6024590163934426
0.4 16.0 67 parasita5 9 10 0.5040983606557377
0.4 16.0 67 retro500 9 10 0.5040983606557377
0.4 16.0 73 instant 1 1 0.6111111111111112
0.4 16.0 73 retraso20 20 20 0.6111111111111112
0.4 16.0 73 retraso60 17 18 0.5833333333333334
0.4 16.0 73 burst300 14 16 0.6904761904761905
0.4 16.0 73 parasita5 10 12 0.5158730158730159
0.4 16.0 73 retro500 10 12 0.5158730158730159
0.4 16.0 89 instant 2 2 0.7704280155642024
0.4 16.0 89 retraso20 22 25 0.6536964980544747
0.4 16.0 89 retraso60 15 21 0.5330739299610895
0.4 16.0 89 burst300 17 21 0.6459143968871596
0.4 16.0 89 parasita5 11 13 0.5291828793774319
0.4 16.0 89 retro500 11 13 0.5291828793774319
0.4 16.0 97 instant 1 1 0.6130434782608696
0.4 16.0 97 retraso20 17 14 0.6
0.4 16.0 97 retraso60 13 13 0.5478260869565217
0.4 16.0 97 burst300 12 12 0.5652173913043478
0.4 16.0 97 parasita5 10 11 0.5391304347826087
0.4 16.0 97 retro500 10 11 0.5391304347826087
0.4 16.0 101 instant 1 1 0.650375939849624
0.4 16.0 101 retraso20 22 19 0.6203007518796992
0.4 16.0 101 retraso60 24 14 0.5639097744360902
0.4 16.0 101 burst300 22 13 0.7857142857142857
0.4 16.0 101 parasita5 11 11 0.5263157894736842
0.4 16.0 101 retro500 11 11 0.5263157894736842
0.4 16.0 113 instant 2 2 0.7410358565737052
0.4 16.0 113 retraso20 22 23 0.6812749003984063
0.4 16.0 113 retraso60 16 18 0.5179282868525896
0.4 16.0 113 burst300 16 17 0.7729083665338645
0.4 16.0 113 parasita5 10 12 0.5099601593625498
0.4 16.0 113 retro500 10 12 0.5099601593625498
0.4 16.0 127 instant 2 3 0.8143459915611815
0.4 16.0 127 retraso20 24 27 0.7257383966244726
0.4 16.0 127 retraso60 21 44 0.6666666666666666
0.4 16.0 127 burst300 None None None
0.4 16.0 127 parasita5 10 8 0.5189873417721519
0.4 16.0 127 retro500 10 8 0.5189873417721519
0.4 20.0 11 instant 2 1 0.717741935483871
0.4 20.0 11 retraso20 24 24 0.6491935483870968
0.4 20.0 11 retraso60 25 42 0.5120967741935484
0.4 20.0 11 burst300 22 28 0.6653225806451613
0.4 20.0 11 parasita5 14 20 0.5080645161290323
0.4 20.0 11 retro500 14 20 0.5080645161290323
0.4 20.0 23 instant 1 1 0.7054263565891473
0.4 20.0 23 retraso20 25 24 0.6356589147286822
0.4 20.0 23 retraso60 27 37 0.624031007751938
0.4 20.0 23 burst300 22 28 0.689922480620155
0.4 20.0 23 parasita5 14 15 0.5038759689922481
0.4 20.0 23 retro500 14 15 0.5038759689922481
0.4 20.0 37 instant 2 2 0.7925311203319502
0.4 20.0 37 retraso20 28 29 0.7468879668049793
0.4 20.0 37 retraso60 32 47 0.5892116182572614
0.4 20.0 37 burst300 22 None 0.8049792531120332
0.4 20.0 37 parasita5 13 15 0.5145228215767634
0.4 20.0 37 retro500 13 15 0.5145228215767634
0.4 20.0 41 instant 2 2 0.7688888888888888
0.4 20.0 41 retraso20 25 25 0.7022222222222222
0.4 20.0 41 retraso60 24 40 0.5022222222222222
0.4 20.0 41 burst300 22 None 0.76
0.4 20.0 41 parasita5 12 12 0.52
0.4 20.0 41 retro500 12 12 0.52
0.4 20.0 59 instant 2 2 0.7446808510638298
0.4 20.0 59 retraso20 23 20 0.6553191489361702
0.4 20.0 59 retraso60 21 34 0.5191489361702127
0.4 20.0 59 burst300 14 20 0.6808510638297872
0.4 20.0 59 parasita5 12 14 0.502127659574468
0.4 20.0 59 retro500 12 14 0.502127659574468
0.4 20.0 67 instant 2 1 0.8032786885245902
0.4 20.0 67 retraso20 26 23 0.6762295081967213
0.4 20.0 67 retraso60 27 38 0.5737704918032787
0.4 20.0 67 burst300 24 None 0.7991803278688525
0.4 20.0 67 parasita5 13 14 0.5245901639344263
0.4 20.0 67 retro500 13 14 0.5245901639344263
0.4 20.0 73 instant 1 1 0.6111111111111112
0.4 20.0 73 retraso20 23 23 0.6071428571428571
0.4 20.0 73 retraso60 22 37 0.503968253968254
0.4 20.0 73 burst300 19 24 0.7222222222222222
0.4 20.0 73 parasita5 13 17 0.5158730158730159
0.4 20.0 73 retro500 13 17 0.5158730158730159
0.4 20.0 89 instant 2 2 0.7704280155642024
0.4 20.0 89 retraso20 25 28 0.6498054474708171
0.4 20.0 89 retraso60 43 45 0.6381322957198443
0.4 20.0 89 burst300 23 None 0.7937743190661478
0.4 20.0 89 parasita5 15 15 0.5214007782101168
0.4 20.0 89 retro500 15 15 0.5214007782101168
0.4 20.0 97 instant 1 1 0.6130434782608696
0.4 20.0 97 retraso20 20 18 0.5869565217391305
0.4 20.0 97 retraso60 20 26 0.5173913043478261
0.4 20.0 97 burst300 15 15 0.5782608695652174
0.4 20.0 97 parasita5 11 12 0.508695652173913
0.4 20.0 97 retro500 11 12 0.508695652173913
0.4 20.0 101 instant 1 1 0.650375939849624
0.4 20.0 101 retraso20 24 20 0.6015037593984962
0.4 20.0 101 retraso60 48 33 0.5977443609022557
0.4 20.0 101 burst300 26 32 0.6278195488721805
0.4 20.0 101 parasita5 15 15 0.5300751879699248
0.4 20.0 101 retro500 15 15 0.5300751879699248
0.4 20.0 113 instant 2 2 0.7410358565737052
0.4 20.0 113 retraso20 26 27 0.6573705179282868
0.4 20.0 113 retraso60 29 44 0.549800796812749
0.4 20.0 113 burst300 28 28 0.6653386454183267
0.4 20.0 113 parasita5 13 15 0.5139442231075697
0.4 20.0 113 retro500 13 15 0.5139442231075697
0.4 20.0 127 instant 2 3 0.8143459915611815
0.4 20.0 127 retraso20 27 32 0.7215189873417721
0.4 20.0 127 retraso60 50 49 0.7172995780590717
0.4 20.0 127 burst300 None None None
0.4 20.0 127 parasita5 14 12 0.5063291139240507
0.4 20.0 127 retro500 14 12 0.5063291139240507
