alpha delta seed estrategia k_ref hon_max hon_sel hay_hon sel_hon
0.25 4.0 11 retraso20 0 0.14953271028037382 0.14953271028037382 0 0
0.25 4.0 11 retraso60 0 0.40229885057471265 0.40229885057471265 0 0
0.25 4.0 11 parasita5 0 1.0 1.0 1 1
0.25 4.0 11 retro500 0 0.9736842105263158 0.9736842105263158 1 1
0.25 4.0 23 retraso20 0 0.10526315789473684 0.10526315789473684 0 0
0.25 4.0 23 retraso60 0 0.09090909090909091 0.09090909090909091 0 0
0.25 4.0 23 parasita5 0 1.0 1.0 1 1
0.25 4.0 23 retro500 0 1.0 1.0 1 1
0.25 4.0 37 retraso20 0 0.1271186440677966 0.1271186440677966 0 0
0.25 4.0 37 retraso60 0 0.034782608695652174 0.034782608695652174 0 0
0.25 4.0 37 parasita5 0 1.0 1.0 1 1
0.25 4.0 37 retro500 0 0.975609756097561 0.975609756097561 1 1
0.25 4.0 41 retraso20 0 0.1 0.1 0 0
0.25 4.0 41 retraso60 0 0.09090909090909091 0.09090909090909091 0 0
0.25 4.0 41 parasita5 1 1.0 1.0 1 1
0.25 4.0 41 retro500 1 1.0 1.0 1 1
0.25 4.0 59 retraso20 0 0.24752475247524752 0.24752475247524752 0 0
0.25 4.0 59 retraso60 0 0.030612244897959183 0.030612244897959183 0 0
0.25 4.0 59 parasita5 0 1.0 1.0 1 1
0.25 4.0 59 retro500 0 0.9859154929577465 0.9859154929577465 1 1
0.25 4.0 67 retraso20 0 0.5 0.5 1 1
0.25 4.0 67 retraso60 0 1.0 0.04819277108433735 1 0
0.25 4.0 67 parasita5 0 1.0 1.0 1 1
0.25 4.0 67 retro500 0 1.0 1.0 1 1
0.25 4.0 73 retraso20 2 0.75 0.75 1 1
0.25 4.0 73 retraso60 0 0.05 0.05 0 0
0.25 4.0 73 parasita5 1 1.0 1.0 1 1
0.25 4.0 73 retro500 1 1.0 1.0 1 1
0.25 4.0 89 retraso20 0 0.3 0.3 0 0
0.25 4.0 89 retraso60 0 0.09090909090909091 0.09090909090909091 0 0
0.25 4.0 89 parasita5 1 1.0 1.0 1 1
0.25 4.0 89 retro500 1 1.0 1.0 1 1
0.25 4.0 97 retraso20 0 0.29347826086956524 0.29347826086956524 0 0
0.25 4.0 97 retraso60 0 0.05747126436781609 0.05747126436781609 0 0
0.25 4.0 97 parasita5 0 1.0 1.0 1 1
0.25 4.0 97 retro500 0 0.972972972972973 0.972972972972973 1 1
0.25 4.0 101 retraso20 0 0.14285714285714285 0.14285714285714285 0 0
0.25 4.0 101 retraso60 0 0.08 0.08 0 0
0.25 4.0 101 parasita5 0 1.0 1.0 1 1
0.25 4.0 101 retro500 0 1.0 1.0 1 1
0.25 4.0 113 retraso20 0 0.3333333333333333 0.3333333333333333 0 0
0.25 4.0 113 retraso60 0 0.3333333333333333 0.3333333333333333 0 0
0.25 4.0 113 parasita5 0 1.0 1.0 1 1
0.25 4.0 113 retro500 0 1.0 1.0 1 1
0.25 4.0 127 retraso20 0 1.0 0.5333333333333333 1 1
0.25 4.0 127 retraso60 1 1.0 0.6666666666666666 1 1
0.25 4.0 127 parasita5 1 1.0 1.0 1 1
0.25 4.0 127 retro500 1 1.0 1.0 1 1
0.25 16.0 11 retraso20 0 0.01904761904761905 0.01904761904761905 0 0
0.25 16.0 11 retraso60 0 0.6774193548387096 0.6774193548387096 1 1
0.25 16.0 11 parasita5 4 1.0 1.0 1 1
0.25 16.0 11 retro500 0 0.92 0.92 1 1
0.25 16.0 23 retraso20 0 0.0 0.0 0 0
0.25 16.0 23 retraso60 0 0.014492753623188406 0.014492753623188406 0 0
0.25 16.0 23 parasita5 0 0.92 0.92 1 1
0.25 16.0 23 retro500 1 0.9534883720930233 0.9534883720930233 1 1
0.25 16.0 37 retraso20 0 0.02608695652173913 0.02608695652173913 0 0
0.25 16.0 37 retraso60 0 0.22388059701492538 0.22388059701492538 0 0
0.25 16.0 37 parasita5 0 1.0 1.0 1 1
0.25 16.0 37 retro500 1 0.9523809523809523 0.9523809523809523 1 1
0.25 16.0 41 retraso20 0 0.0 0.0 0 0
0.25 16.0 41 retraso60 0 0.0 0.0 0 0
0.25 16.0 41 parasita5 0 1.0 1.0 1 1
0.25 16.0 41 retro500 0 0.92 0.92 1 1
0.25 16.0 59 retraso20 0 0.041237113402061855 0.041237113402061855 0 0
0.25 16.0 59 retraso60 0 0.010309278350515464 0.010309278350515464 0 0
0.25 16.0 59 parasita5 8 1.0 1.0 1 1
0.25 16.0 59 retro500 0 0.92 0.92 1 1
0.25 16.0 67 retraso20 3 0.3333333333333333 0.3333333333333333 0 0
0.25 16.0 67 retraso60 0 0.014705882352941176 0.014705882352941176 0 0
0.25 16.0 67 parasita5 0 0.9230769230769231 0.9230769230769231 1 1
0.25 16.0 67 retro500 0 0.9230769230769231 0.9230769230769231 1 1
0.25 16.0 73 retraso20 4 0.5 0.5 1 1
0.25 16.0 73 retraso60 0 0.07228915662650602 0.07228915662650602 0 0
0.25 16.0 73 parasita5 0 1.0 1.0 1 1
0.25 16.0 73 retro500 0 0.9230769230769231 0.9230769230769231 1 1
0.25 16.0 89 retraso20 0 0.1111111111111111 0.1111111111111111 0 0
0.25 16.0 89 retraso60 0 0.08333333333333333 0.08333333333333333 0 0
0.25 16.0 89 parasita5 0 1.0 1.0 1 1
0.25 16.0 89 retro500 1 0.9545454545454546 0.9545454545454546 1 1
0.25 16.0 97 retraso20 0 0.07142857142857142 0.07142857142857142 0 0
0.25 16.0 97 retraso60 0 0.023809523809523808 0.023809523809523808 0 0
0.25 16.0 97 parasita5 6 1.0 1.0 1 1
0.25 16.0 97 retro500 0 0.92 0.92 1 1
0.25 16.0 101 retraso20 0 0.0 0.0 0 0
0.25 16.0 101 retraso60 0 0.030303030303030304 0.030303030303030304 0 0
0.25 16.0 101 parasita5 0 1.0 1.0 1 1
0.25 16.0 101 retro500 1 0.9523809523809523 0.9523809523809523 1 1
0.25 16.0 113 retraso20 0 0.125 0.125 0 0
0.25 16.0 113 retraso60 0 0.25 0.25 0 0
0.25 16.0 113 parasita5 1 1.0 1.0 1 1
0.25 16.0 113 retro500 0 0.92 0.92 1 1
0.25 16.0 127 retraso20 0 0.0 0.0 0 0
0.25 16.0 127 retraso60 0 0.13333333333333333 0.13333333333333333 0 0
0.25 16.0 127 parasita5 0 1.0 1.0 1 1
0.25 16.0 127 retro500 0 0.92 0.92 1 1
0.25 20.0 11 retraso20 0 0.01904761904761905 0.01904761904761905 0 0
0.25 20.0 11 retraso60 0 0.009523809523809525 0.009523809523809525 0 0
0.25 20.0 11 parasita5 0 0.9 0.9 1 1
0.25 20.0 11 retro500 3 0.9672131147540983 0.9672131147540983 1 1
0.25 20.0 23 retraso20 0 0.0 0.0 0 0
0.25 20.0 23 retraso60 0 0.009615384615384616 0.009615384615384616 0 0
0.25 20.0 23 parasita5 0 0.9047619047619048 0.9047619047619048 1 1
0.25 20.0 23 retro500 6 0.9753086419753086 0.9753086419753086 1 1
0.25 20.0 37 retraso20 0 0.02608695652173913 0.02608695652173913 0 0
0.25 20.0 37 retraso60 0 0.008695652173913044 0.008695652173913044 0 0
0.25 20.0 37 parasita5 0 0.9047619047619048 0.9047619047619048 1 1
0.25 20.0 37 retro500 5 0.9722222222222222 0.9722222222222222 1 1
0.25 20.0 41 retraso20 0 0.0 0.0 0 0
0.25 20.0 41 retraso60 0 0.4 0.4 0 0
0.25 20.0 41 parasita5 0 0.9 0.9 1 1
0.25 20.0 41 retro500 4 0.9682539682539683 0.9682539682539683 1 1
0.25 20.0 59 retraso20 0 0.030927835051546393 0.030927835051546393 0 0
0.25 20.0 59 retraso60 0 0.010309278350515464 0.010309278350515464 0 0
0.25 20.0 59 parasita5 0 0.9 0.9 1 1
0.25 20.0 59 retro500 4 0.9661016949152542 0.9661016949152542 1 1
0.25 20.0 67 retraso20 0 0.16666666666666666 0.16666666666666666 0 0
0.25 20.0 67 retraso60 3 0.8 0.8 1 1
0.25 20.0 67 parasita5 1 0.9459459459459459 0.9459459459459459 1 1
0.25 20.0 67 retro500 5 0.971830985915493 0.971830985915493 1 1
0.25 20.0 73 retraso20 4 0.5 0.5 1 1
0.25 20.0 73 retraso60 10 0.96 0.96 1 1
0.25 20.0 73 parasita5 9 0.9782608695652174 0.9782608695652174 1 1
0.25 20.0 73 retro500 9 0.9782608695652174 0.9782608695652174 1 1
0.25 20.0 89 retraso20 0 0.1111111111111111 0.1111111111111111 0 0
0.25 20.0 89 retraso60 0 0.05 0.05 0 0
0.25 20.0 89 parasita5 0 0.9 0.9 1 1
0.25 20.0 89 retro500 5 0.9714285714285714 0.9714285714285714 1 1
0.25 20.0 97 retraso20 0 0.058823529411764705 0.058823529411764705 0 0
0.25 20.0 97 retraso60 0 0.72 0.72 1 1
0.25 20.0 97 parasita5 0 0.9047619047619048 0.9047619047619048 1 1
0.25 20.0 97 retro500 1 0.9411764705882353 0.9411764705882353 1 1
0.25 20.0 101 retraso20 0 0.0 0.0 0 0
0.25 20.0 101 retraso60 0 0.0 0.0 0 0
0.25 20.0 101 parasita5 0 0.9473684210526315 0.9473684210526315 1 1
0.25 20.0 101 retro500 5 0.9736842105263158 0.9736842105263158 1 1
0.25 20.0 113 retraso20 0 0.0 0.0 0 0
0.25 20.0 113 retraso60 0 0.14285714285714285 0.14285714285714285 0 0
0.25 20.0 113 parasita5 0 0.9047619047619048 0.9047619047619048 1 1
0.25 20.0 113 retro500 4 0.9692307692307692 0.9692307692307692 1 1
0.25 20.0 127 retraso20 0 0.0 0.0 0 0
0.25 20.0 127 retraso60 0 0.0 0.0 0 0
0.25 20.0 127 parasita5 0 0.9 0.9 1 1
0.25 20.0 127 retro500 4 0.9672131147540983 0.9672131147540983 1 1
0.4 4.0 11 retraso20 0 0.006289308176100629 0.006289308176100629 0 0
0.4 4.0 11 retraso60 0 0.006289308176100629 0.006289308176100629 0 0
0.4 4.0 11 parasita5 0 1.0 1.0 1 1
0.4 4.0 11 retro500 0 0.9710144927536232 0.9710144927536232 1 1
0.4 4.0 23 retraso20 0 0.006211180124223602 0.006211180124223602 0 0
0.4 4.0 23 retraso60 0 0.006211180124223602 0.006211180124223602 0 0
0.4 4.0 23 parasita5 0 1.0 1.0 1 1
0.4 4.0 23 retro500 0 0.9733333333333334 0.9733333333333334 1 1
0.4 4.0 37 retraso20 0 0.011111111111111112 0.011111111111111112 0 0
0.4 4.0 37 retraso60 0 0.005555555555555556 0.005555555555555556 0 0
0.4 4.0 37 parasita5 0 1.0 1.0 1 1
0.4 4.0 37 retro500 0 0.972972972972973 0.972972972972973 1 1
0.4 4.0 41 retraso20 0 0.0 0.0 0 0
0.4 4.0 41 retraso60 0 0.0 0.0 0 0
0.4 4.0 41 parasita5 0 1.0 1.0 1 1
0.4 4.0 41 retro500 0 0.9701492537313433 0.9701492537313433 1 1
0.4 4.0 59 retraso20 0 0.013333333333333334 0.013333333333333334 0 0
0.4 4.0 59 retraso60 0 0.013333333333333334 0.013333333333333334 0 0
0.4 4.0 59 parasita5 0 1.0 1.0 1 1
0.4 4.0 59 retro500 0 0.9855072463768116 0.9855072463768116 1 1
0.4 4.0 67 retraso20 0 0.0 0.0 0 0
0.4 4.0 67 retraso60 0 0.010416666666666666 0.010416666666666666 0 0
0.4 4.0 67 parasita5 0 1.0 1.0 1 1
0.4 4.0 67 retro500 0 1.0 1.0 1 1
0.4 4.0 73 retraso20 0 0.2 0.2 0 0
0.4 4.0 73 retraso60 0 0.006756756756756757 0.006756756756756757 0 0
0.4 4.0 73 parasita5 1 1.0 1.0 1 1
0.4 4.0 73 retro500 1 1.0 1.0 1 1
0.4 4.0 89 retraso20 0 0.2727272727272727 0.2727272727272727 0 0
0.4 4.0 89 retraso60 0 0.006134969325153374 0.006134969325153374 0 0
0.4 4.0 89 parasita5 1 1.0 1.0 1 1
0.4 4.0 89 retro500 1 1.0 1.0 1 1
0.4 4.0 97 retraso20 0 0.03007518796992481 0.03007518796992481 0 0
0.4 4.0 97 retraso60 0 0.03007518796992481 0.03007518796992481 0 0
0.4 4.0 97 parasita5 0 1.0 1.0 1 1
0.4 4.0 97 retro500 0 0.9714285714285714 0.9714285714285714 1 1
0.4 4.0 101 retraso20 0 0.012658227848101266 0.012658227848101266 0 0
0.4 4.0 101 retraso60 0 0.012658227848101266 0.012658227848101266 0 0
0.4 4.0 101 parasita5 0 1.0 1.0 1 1
0.4 4.0 101 retro500 0 0.9733333333333334 0.9733333333333334 1 1
0.4 4.0 113 retraso20 0 0.0 0.0 0 0
0.4 4.0 113 retraso60 0 0.006097560975609756 0.006097560975609756 0 0
0.4 4.0 113 parasita5 0 1.0 1.0 1 1
0.4 4.0 113 retro500 0 1.0 1.0 1 1
0.4 4.0 127 retraso20 0 0.6363636363636364 0.08695652173913043 1 0
0.4 4.0 127 retraso60 0 0.03225806451612903 0.03225806451612903 0 0
0.4 4.0 127 parasita5 1 1.0 1.0 1 1
0.4 4.0 127 retro500 1 1.0 1.0 1 1
0.4 16.0 11 retraso20 0 0.006289308176100629 0.006289308176100629 0 0
0.4 16.0 11 retraso60 0 0.22727272727272727 0.22727272727272727 0 0
0.4 16.0 11 parasita5 0 1.0 1.0 1 1
0.4 16.0 11 retro500 1 0.95 0.95 1 1
0.4 16.0 23 retraso20 0 0.006211180124223602 0.006211180124223602 0 0
0.4 16.0 23 retraso60 0 0.006211180124223602 0.006211180124223602 0 0
0.4 16.0 23 parasita5 0 0.92 0.92 1 1
0.4 16.0 23 retro500 2 0.9629629629629629 0.9629629629629629 1 1
0.4 16.0 37 retraso20 0 0.011111111111111112 0.011111111111111112 0 0
0.4 16.0 37 retraso60 0 0.1590909090909091 0.1590909090909091 0 0
0.4 16.0 37 parasita5 0 1.0 1.0 1 1
0.4 16.0 37 retro500 2 0.9629629629629629 0.9629629629629629 1 1
0.4 16.0 41 retraso20 0 0.0 0.0 0 0
0.4 16.0 41 retraso60 0 0.32142857142857145 0.32142857142857145 0 0
0.4 16.0 41 parasita5 0 1.0 1.0 1 1
0.4 16.0 41 retro500 1 0.9487179487179487 0.9487179487179487 1 1
0.4 16.0 59 retraso20 0 0.006711409395973154 0.006711409395973154 0 0
0.4 16.0 59 retraso60 0 0.006711409395973154 0.006711409395973154 0 0
0.4 16.0 59 parasita5 0 1.0 1.0 1 1
0.4 16.0 59 retro500 0 0.9166666666666666 0.9166666666666666 1 1
0.4 16.0 67 retraso20 0 0.0 0.0 0 0
0.4 16.0 67 retraso60 0 0.08695652173913043 0.08695652173913043 0 0
0.4 16.0 67 parasita5 0 0.9230769230769231 0.9230769230769231 1 1
0.4 16.0 67 retro500 1 0.9545454545454546 0.9545454545454546 1 1
0.4 16.0 73 retraso20 0 0.0 0.0 0 0
0.4 16.0 73 retraso60 0 0.8333333333333334 0.8333333333333334 1 1
0.4 16.0 73 parasita5 0 0.9230769230769231 0.9230769230769231 1 1
0.4 16.0 73 retro500 1 0.9545454545454546 0.9545454545454546 1 1
0.4 16.0 89 retraso20 0 0.0 0.0 0 0
0.4 16.0 89 retraso60 0 0.0 0.0 0 0
0.4 16.0 89 parasita5 0 0.92 0.92 1 1
0.4 16.0 89 retro500 3 0.9666666666666667 0.9666666666666667 1 1
0.4 16.0 97 retraso20 0 0.007575757575757576 0.007575757575757576 0 0
0.4 16.0 97 retraso60 0 0.007575757575757576 0.007575757575757576 0 0
0.4 16.0 97 parasita5 4 1.0 1.0 1 1
0.4 16.0 97 retro500 0 0.92 0.92 1 1
0.4 16.0 101 retraso20 0 0.006329113924050633 0.006329113924050633 0 0
0.4 16.0 101 retraso60 0 0.006329113924050633 0.006329113924050633 0 0
0.4 16.0 101 parasita5 0 0.9166666666666666 0.9166666666666666 1 1
0.4 16.0 101 retro500 3 0.9661016949152542 0.9661016949152542 1 1
0.4 16.0 113 retraso20 0 0.0 0.0 0 0
0.4 16.0 113 retraso60 0 0.0 0.0 0 0
0.4 16.0 113 parasita5 0 0.92 0.92 1 1
0.4 16.0 113 retro500 1 0.9523809523809523 0.9523809523809523 1 1
0.4 16.0 127 retraso20 0 0.0 0.0 0 0
0.4 16.0 127 retraso60 0 0.029411764705882353 0.029411764705882353 0 0
0.4 16.0 127 parasita5 0 0.92 0.92 1 1
0.4 16.0 127 retro500 2 0.9622641509433962 0.9622641509433962 1 1
0.4 20.0 11 retraso20 0 0.006289308176100629 0.006289308176100629 0 0
0.4 20.0 11 retraso60 0 0.006289308176100629 0.006289308176100629 0 0
0.4 20.0 11 parasita5 0 0.9 0.9 1 1
0.4 20.0 11 retro500 6 0.9753086419753086 0.9753086419753086 1 1
0.4 20.0 23 retraso20 0 0.006211180124223602 0.006211180124223602 0 0
0.4 20.0 23 retraso60 0 0.6 0.6 1 1
0.4 20.0 23 parasita5 1 0.9428571428571428 0.9428571428571428 1 1
0.4 20.0 23 retro500 9 0.9811320754716981 0.9811320754716981 1 1
0.4 20.0 37 retraso20 0 0.011111111111111112 0.011111111111111112 0 0
0.4 20.0 37 retraso60 0 0.005555555555555556 0.005555555555555556 0 0
0.4 20.0 37 parasita5 0 0.9047619047619048 0.9047619047619048 1 1
0.4 20.0 37 retro500 9 0.9791666666666666 0.9791666666666666 1 1
0.4 20.0 41 retraso20 0 0.0 0.0 0 0
0.4 20.0 41 retraso60 0 0.0 0.0 0 0
0.4 20.0 41 parasita5 0 0.9 0.9 1 1
0.4 20.0 41 retro500 8 0.975 0.975 1 1
0.4 20.0 59 retraso20 0 0.006711409395973154 0.006711409395973154 0 0
0.4 20.0 59 retraso60 0 0.006711409395973154 0.006711409395973154 0 0
0.4 20.0 59 parasita5 1 0.9428571428571428 0.9428571428571428 1 1
0.4 20.0 59 retro500 7 0.9775280898876404 0.9775280898876404 1 1
0.4 20.0 67 retraso20 0 0.0 0.0 0 0
0.4 20.0 67 retraso60 0 0.0 0.0 0 0
0.4 20.0 67 parasita5 2 0.9591836734693877 0.9591836734693877 1 1
0.4 20.0 67 retro500 8 0.9791666666666666 0.9791666666666666 1 1
0.4 20.0 73 retraso20 0 0.0 0.0 0 0
0.4 20.0 73 retraso60 0 0.0 0.0 0 0
0.4 20.0 73 parasita5 1 0.9444444444444444 0.9444444444444444 1 1
0.4 20.0 73 retro500 6 0.975 0.975 1 1
0.4 20.0 89 retraso20 0 0.0 0.0 0 0
0.4 20.0 89 retraso60 0 0.0 0.0 0 0
0.4 20.0 89 parasita5 0 0.9047619047619048 0.9047619047619048 1 1
0.4 20.0 89 retro500 9 0.9805825242718447 0.9805825242718447 1 1
0.4 20.0 97 retraso20 0 0.007575757575757576 0.007575757575757576 0 0
0.4 20.0 97 retraso60 0 0.007575757575757576 0.007575757575757576 0 0
0.4 20.0 97 parasita5 0 0.9047619047619048 0.9047619047619048 1 1
0.4 20.0 97 retro500 3 0.9607843137254902 0.9607843137254902 1 1
0.4 20.0 101 retraso20 0 0.006329113924050633 0.006329113924050633 0 0
0.4 20.0 101 retraso60 0 0.006329113924050633 0.006329113924050633 0 0
0.4 20.0 101 parasita5 0 0.9047619047619048 0.9047619047619048 1 1
0.4 20.0 101 retro500 11 0.9813084112149533 0.9813084112149533 1 1
0.4 20.0 113 retraso20 0 0.0 0.0 0 0
0.4 20.0 113 retraso60 0 0.0 0.0 0 0
0.4 20.0 113 parasita5 3 0.9574468085106383 0.9574468085106383 1 1
0.4 20.0 113 retro500 8 0.9772727272727273 0.9772727272727273 1 1
0.4 20.0 127 retraso20 0 0.0 0.0 0 0
0.4 20.0 127 retraso60 0 0.0 0.0 0 0
0.4 20.0 127 parasita5 0 0.9047619047619048 0.9047619047619048 1 1
0.4 20.0 127 retro500 9 0.9813084112149533 0.9813084112149533 1 1
