alpha delta seed estrategia k_ref k_mkmc hon_frac k_chain k_hon n winners
0.1 1.0 11 instant 1 0 1.0 None None 406 3
0.1 1.0 11 retraso20 1 1 1.0 None None 406 3
0.1 1.0 11 retraso60 0 1 1.0 None None 406 1
0.1 1.0 11 burst300 1 1 1.0 None None 406 3
0.1 1.0 11 parasita5 1 1 1.0 None None 406 3
0.1 1.0 11 retro500 1 1 1.0 None None 406 3
0.1 1.0 23 instant 0 0 0.8223140495867769 4 0 418 1
0.1 1.0 23 retraso20 0 1 1.0 None None 418 1
0.1 1.0 23 retraso60 0 1 1.0 None None 418 1
0.1 1.0 23 burst300 0 0 0.9425837320574163 4 0 418 1
0.1 1.0 23 parasita5 0 1 0.9948717948717949 4 0 418 1
0.1 1.0 23 retro500 0 1 0.9948717948717949 4 0 418 1
0.1 1.0 37 instant 0 0 1.0 None None 421 2
0.1 1.0 37 retraso20 0 1 1.0 None None 421 1
0.1 1.0 37 retraso60 0 1 1.0 None None 421 1
0.1 1.0 37 burst300 0 1 1.0 None None 421 2
0.1 1.0 37 parasita5 0 1 1.0 None None 421 2
0.1 1.0 37 retro500 0 1 1.0 None None 421 2
0.1 1.0 41 instant 0 0 1.0 None None 382 2
0.1 1.0 41 retraso20 0 1 1.0 None None 382 1
0.1 1.0 41 retraso60 0 1 1.0 None None 382 1
0.1 1.0 41 burst300 0 0 1.0 None None 382 2
0.1 1.0 41 parasita5 0 1 1.0 None None 382 2
0.1 1.0 41 retro500 0 1 1.0 None None 382 2
0.1 1.0 59 instant 0 0 0.8652173913043478 4 0 383 1
0.1 1.0 59 retraso20 0 0 1.0 None None 383 1
0.1 1.0 59 retraso60 0 0 1.0 None None 383 1
0.1 1.0 59 burst300 0 0 0.9519230769230769 4 0 383 1
0.1 1.0 59 parasita5 0 0 0.9948979591836735 4 0 383 1
0.1 1.0 59 retro500 0 0 0.9948979591836735 4 0 383 1
0.1 1.0 67 instant 0 0 1.0 None None 406 1
0.1 1.0 67 retraso20 0 1 1.0 None None 406 1
0.1 1.0 67 retraso60 0 1 1.0 None None 406 1
0.1 1.0 67 burst300 0 1 1.0 None None 406 1
0.1 1.0 67 parasita5 0 1 1.0 None None 406 1
0.1 1.0 67 retro500 0 1 1.0 None None 406 1
0.1 1.0 73 instant 1 0 1.0 None None 402 4
0.1 1.0 73 retraso20 0 1 1.0 None None 402 1
0.1 1.0 73 retraso60 0 1 1.0 None None 402 1
0.1 1.0 73 burst300 1 0 1.0 None None 402 4
0.1 1.0 73 parasita5 1 1 1.0 None None 402 4
0.1 1.0 73 retro500 1 1 1.0 None None 402 4
0.1 1.0 89 instant 0 0 1.0 None None 421 2
0.1 1.0 89 retraso20 0 1 1.0 None None 421 1
0.1 1.0 89 retraso60 0 1 1.0 None None 421 1
0.1 1.0 89 burst300 0 1 1.0 None None 421 2
0.1 1.0 89 parasita5 0 1 1.0 None None 421 2
0.1 1.0 89 retro500 0 1 1.0 None None 421 2
0.1 1.0 97 instant 0 0 0.8280542986425339 4 0 361 1
0.1 1.0 97 retraso20 0 0 0.989010989010989 4 0 361 1
0.1 1.0 97 retraso60 0 0 0.989010989010989 4 0 361 1
0.1 1.0 97 burst300 0 0 0.9576719576719577 7 0 361 1
0.1 1.0 97 parasita5 0 0 1.0 None None 361 1
0.1 1.0 97 retro500 0 0 0.988950276243094 None 0 361 1
0.1 1.0 101 instant 0 0 0.8340248962655602 5 0 424 1
0.1 1.0 101 retraso20 0 1 0.5 None None 424 2
0.1 1.0 101 retraso60 0 1 0.5 None None 424 2
0.1 1.0 101 burst300 0 1 0.9521531100478469 5 0 424 1
0.1 1.0 101 parasita5 0 1 0.9949748743718593 6 0 424 1
0.1 1.0 101 retro500 0 1 0.9949748743718593 5 0 424 1
0.1 1.0 113 instant 0 0 0.847457627118644 7 0 415 1
0.1 1.0 113 retraso20 0 1 1.0 None None 415 1
0.1 1.0 113 retraso60 0 1 1.0 None None 415 1
0.1 1.0 113 burst300 0 1 0.9660194174757282 7 0 415 1
0.1 1.0 113 parasita5 0 1 0.995 7 0 415 1
0.1 1.0 113 retro500 0 1 0.995 7 0 415 1
0.1 1.0 127 instant 0 0 0.6666666666666666 None None 408 1
0.1 1.0 127 retraso20 1 1 0.6666666666666666 None None 408 4
0.1 1.0 127 retraso60 1 1 0.6666666666666666 None None 408 4
0.1 1.0 127 burst300 0 1 0.6666666666666666 None None 408 1
0.1 1.0 127 parasita5 0 1 1.0 None None 408 1
0.1 1.0 127 retro500 0 1 1.0 None None 408 1
0.1 4.0 11 instant 1 1 1.0 None None 406 1
0.1 4.0 11 retraso20 1 2 1.0 None None 406 1
0.1 4.0 11 retraso60 0 2 1.0 None None 406 1
0.1 4.0 11 burst300 1 2 1.0 None None 406 1
0.1 4.0 11 parasita5 1 2 1.0 None None 406 1
0.1 4.0 11 retro500 1 2 1.0 None None 406 1
0.1 4.0 23 instant 1 2 0.6666666666666666 None None 418 4
0.1 4.0 23 retraso20 0 2 1.0 None None 418 1
0.1 4.0 23 retraso60 0 2 0.8 None None 418 1
0.1 4.0 23 burst300 1 2 0.6666666666666666 None None 418 4
0.1 4.0 23 parasita5 0 2 1.0 None None 418 1
0.1 4.0 23 retro500 0 2 1.0 None None 418 1
0.1 4.0 37 instant 1 2 0.75 None None 421 1
0.1 4.0 37 retraso20 0 2 0.7142857142857143 None None 421 1
0.1 4.0 37 retraso60 0 2 0.7142857142857143 None None 421 1
0.1 4.0 37 burst300 1 2 0.75 None None 421 1
0.1 4.0 37 parasita5 1 2 1.0 None None 421 2
0.1 4.0 37 retro500 1 2 1.0 None None 421 2
0.1 4.0 41 instant 1 1 0.6666666666666666 None None 382 3
0.1 4.0 41 retraso20 0 2 1.0 None None 382 1
0.1 4.0 41 retraso60 0 2 1.0 None None 382 1
0.1 4.0 41 burst300 1 2 0.6666666666666666 None None 382 3
0.1 4.0 41 parasita5 0 2 1.0 None None 382 1
0.1 4.0 41 retro500 0 2 1.0 None None 382 1
0.1 4.0 59 instant 0 2 0.6666666666666666 None None 383 1
0.1 4.0 59 retraso20 0 2 1.0 None None 383 1
0.1 4.0 59 retraso60 0 2 1.0 None None 383 1
0.1 4.0 59 burst300 0 2 0.6666666666666666 None None 383 1
0.1 4.0 59 parasita5 0 2 1.0 None None 383 1
0.1 4.0 59 retro500 0 2 1.0 None None 383 1
0.1 4.0 67 instant 0 1 1.0 None None 406 1
0.1 4.0 67 retraso20 0 2 1.0 None None 406 1
0.1 4.0 67 retraso60 0 2 1.0 None None 406 1
0.1 4.0 67 burst300 0 2 1.0 None None 406 1
0.1 4.0 67 parasita5 0 2 1.0 None None 406 1
0.1 4.0 67 retro500 0 2 1.0 None None 406 1
0.1 4.0 73 instant 2 1 1.0 None None 402 7
0.1 4.0 73 retraso20 2 2 0.75 None None 402 1
0.1 4.0 73 retraso60 2 2 0.75 None None 402 1
0.1 4.0 73 burst300 2 2 1.0 None None 402 7
0.1 4.0 73 parasita5 1 2 1.0 None None 402 1
0.1 4.0 73 retro500 1 2 1.0 None None 402 1
0.1 4.0 89 instant 1 2 0.75 None None 421 1
0.1 4.0 89 retraso20 1 2 1.0 None None 421 1
0.1 4.0 89 retraso60 1 2 1.0 None None 421 1
0.1 4.0 89 burst300 1 2 0.75 None None 421 1
0.1 4.0 89 parasita5 1 2 1.0 None None 421 1
0.1 4.0 89 retro500 1 2 1.0 None None 421 1
0.1 4.0 97 instant 0 2 0.6833333333333333 11 2 361 1
0.1 4.0 97 retraso20 0 2 0.9736842105263158 23 3 361 1
0.1 4.0 97 retraso60 0 2 0.9736842105263158 11 3 361 1
0.1 4.0 97 burst300 0 2 0.872093023255814 11 3 361 1
0.1 4.0 97 parasita5 0 2 1.0 None None 361 2
0.1 4.0 97 retro500 0 2 0.9733333333333334 None 3 361 1
0.1 4.0 101 instant 0 2 0.6946564885496184 15 3 424 1
0.1 4.0 101 retraso20 0 2 0.6666666666666666 None None 424 1
0.1 4.0 101 retraso60 0 2 0.8333333333333334 None None 424 1
0.1 4.0 101 burst300 0 2 0.8804347826086957 15 3 424 1
0.1 4.0 101 parasita5 0 2 1.0 None None 424 1
0.1 4.0 101 retro500 0 2 1.0 None None 424 1
0.1 4.0 113 instant 0 2 0.6666666666666666 None None 415 1
0.1 4.0 113 retraso20 0 2 1.0 None None 415 1
0.1 4.0 113 retraso60 0 2 1.0 None None 415 1
0.1 4.0 113 burst300 0 2 0.6666666666666666 None None 415 1
0.1 4.0 113 parasita5 0 2 1.0 None None 415 1
0.1 4.0 113 retro500 0 2 1.0 None None 415 1
0.1 4.0 127 instant 1 1 0.6666666666666666 None None 408 4
0.1 4.0 127 retraso20 1 2 0.6666666666666666 None None 408 5
0.1 4.0 127 retraso60 0 2 1.0 None None 408 1
0.1 4.0 127 burst300 1 2 0.6666666666666666 None None 408 4
0.1 4.0 127 parasita5 1 2 1.0 None None 408 4
0.1 4.0 127 retro500 1 2 1.0 None None 408 4
0.1 8.0 11 instant 3 2 1.0 None None 406 1
0.1 8.0 11 retraso20 1 4 1.0 None None 406 1
0.1 8.0 11 retraso60 1 4 1.0 None None 406 1
0.1 8.0 11 burst300 3 4 1.0 None None 406 1
0.1 8.0 11 parasita5 1 4 1.0 None None 406 1
0.1 8.0 11 retro500 1 4 1.0 None None 406 1
0.1 8.0 23 instant 1 2 0.6666666666666666 None None 418 5
0.1 8.0 23 retraso20 0 4 0.8333333333333334 None None 418 1
0.1 8.0 23 retraso60 0 4 0.8333333333333334 None None 418 1
0.1 8.0 23 burst300 1 4 0.6666666666666666 None None 418 5
0.1 8.0 23 parasita5 0 4 1.0 None None 418 1
0.1 8.0 23 retro500 0 4 1.0 None None 418 1
0.1 8.0 37 instant 2 2 0.75 None None 421 6
0.1 8.0 37 retraso20 0 4 0.4666666666666667 None None 421 1
0.1 8.0 37 retraso60 1 4 0.9259259259259259 None None 421 2
0.1 8.0 37 burst300 2 4 0.75 None None 421 6
0.1 8.0 37 parasita5 1 4 1.0 None None 421 1
0.1 8.0 37 retro500 1 4 1.0 None None 421 1
0.1 8.0 41 instant 1 2 0.6666666666666666 None None 382 3
0.1 8.0 41 retraso20 0 4 0.8888888888888888 None None 382 1
0.1 8.0 41 retraso60 0 4 0.8888888888888888 None None 382 1
0.1 8.0 41 burst300 1 3 0.6666666666666666 None None 382 3
0.1 8.0 41 parasita5 0 4 1.0 None None 382 1
0.1 8.0 41 retro500 0 4 1.0 None None 382 1
0.1 8.0 59 instant 1 3 0.6666666666666666 None None 383 5
0.1 8.0 59 retraso20 0 4 0.9 None None 383 1
0.1 8.0 59 retraso60 0 4 0.9 None None 383 1
0.1 8.0 59 burst300 1 3 0.6666666666666666 None None 383 5
0.1 8.0 59 parasita5 0 4 1.0 None None 383 1
0.1 8.0 59 retro500 0 4 1.0 None None 383 1
0.1 8.0 67 instant 1 2 1.0 None None 406 1
0.1 8.0 67 retraso20 1 4 1.0 None None 406 1
0.1 8.0 67 retraso60 0 4 1.0 None None 406 1
0.1 8.0 67 burst300 1 4 1.0 None None 406 1
0.1 8.0 67 parasita5 1 4 1.0 None None 406 1
0.1 8.0 67 retro500 1 4 1.0 None None 406 1
0.1 8.0 73 instant 3 3 0.8 None None 402 9
0.1 8.0 73 retraso20 0 4 0.9285714285714286 None None 402 1
0.1 8.0 73 retraso60 1 4 0.9166666666666666 None None 402 1
0.1 8.0 73 burst300 3 4 0.8 None None 402 9
0.1 8.0 73 parasita5 0 4 1.0 None None 402 1
0.1 8.0 73 retro500 0 4 1.0 None None 402 1
0.1 8.0 89 instant 4 3 0.8333333333333334 None None 421 12
0.1 8.0 89 retraso20 3 4 0.875 None None 421 1
0.1 8.0 89 retraso60 3 4 1.0 None None 421 1
0.1 8.0 89 burst300 4 4 0.8333333333333334 None None 421 12
0.1 8.0 89 parasita5 3 4 1.0 None None 421 1
0.1 8.0 89 retro500 3 4 1.0 None None 421 1
0.1 8.0 97 instant 0 2 0.6041666666666666 14 4 361 1
0.1 8.0 97 retraso20 0 4 0.7254901960784313 19 7 361 1
0.1 8.0 97 retraso60 0 4 0.9565217391304348 19 6 361 1
0.1 8.0 97 burst300 0 3 0.543859649122807 16 6 361 1
0.1 8.0 97 parasita5 1 4 1.0 None None 361 1
0.1 8.0 97 retro500 0 4 0.9565217391304348 None 6 361 1
0.1 8.0 101 instant 0 3 0.6 19 5 424 1
0.1 8.0 101 retraso20 0 4 0.25 None None 424 1
0.1 8.0 101 retraso60 0 4 0.5 None None 424 1
0.1 8.0 101 burst300 0 4 0.8 19 6 424 1
0.1 8.0 101 parasita5 1 4 1.0 None None 424 1
0.1 8.0 101 retro500 1 4 1.0 None None 424 1
0.1 8.0 113 instant 1 3 0.6666666666666666 None None 415 5
0.1 8.0 113 retraso20 1 4 0.9 None None 415 1
0.1 8.0 113 retraso60 1 4 0.9 None None 415 1
0.1 8.0 113 burst300 1 4 0.6666666666666666 None None 415 5
0.1 8.0 113 parasita5 1 4 1.0 None None 415 2
0.1 8.0 113 retro500 1 4 1.0 None None 415 2
0.1 8.0 127 instant 1 2 0.6666666666666666 None None 408 4
0.1 8.0 127 retraso20 0 4 1.0 None None 408 1
0.1 8.0 127 retraso60 0 4 0.5714285714285714 None None 408 1
0.1 8.0 127 burst300 1 4 0.6666666666666666 None None 408 4
0.1 8.0 127 parasita5 0 4 1.0 None None 408 1
0.1 8.0 127 retro500 0 4 1.0 None None 408 1
0.1 16.0 11 instant 4 3 0.8333333333333334 None None 406 1
0.1 16.0 11 retraso20 7 5 0.7857142857142857 None None 406 1
0.1 16.0 11 retraso60 4 7 0.8333333333333334 None None 406 1
0.1 16.0 11 burst300 4 7 0.8333333333333334 None None 406 1
0.1 16.0 11 parasita5 4 8 1.0 None None 406 1
0.1 16.0 11 retro500 0 8 0.9230769230769231 None 19 406 1
0.1 16.0 23 instant 0 4 0.6 None None 418 1
0.1 16.0 23 retraso20 2 5 0.5 None None 418 1
0.1 16.0 23 retraso60 0 8 0.5 None None 418 1
0.1 16.0 23 burst300 0 7 0.6 None None 418 1
0.1 16.0 23 parasita5 0 8 1.0 None None 418 1
0.1 16.0 23 retro500 0 8 0.96 None 22 418 1
0.1 16.0 37 instant 2 3 0.75 None None 421 6
0.1 16.0 37 retraso20 3 5 0.4 None None 421 1
0.1 16.0 37 retraso60 3 8 0.9166666666666666 None None 421 1
0.1 16.0 37 burst300 2 6 0.75 None None 421 6
0.1 16.0 37 parasita5 1 8 1.0 None None 421 1
0.1 16.0 37 retro500 0 8 0.9230769230769231 None 17 421 1
0.1 16.0 41 instant 1 3 0.6666666666666666 None None 382 3
0.1 16.0 41 retraso20 1 4 0.0 None None 382 1
0.1 16.0 41 retraso60 1 8 0.6666666666666666 None None 382 1
0.1 16.0 41 burst300 1 6 0.6666666666666666 None None 382 3
0.1 16.0 41 parasita5 0 8 1.0 None None 382 1
0.1 16.0 41 retro500 0 8 0.92 None 16 382 1
0.1 16.0 59 instant 2 4 0.6666666666666666 None None 383 1
0.1 16.0 59 retraso20 1 5 0.25 None None 383 1
0.1 16.0 59 retraso60 0 7 0.5555555555555556 None None 383 1
0.1 16.0 59 burst300 2 6 0.6666666666666666 None None 383 1
0.1 16.0 59 parasita5 6 8 1.0 None None 383 1
0.1 16.0 59 retro500 0 8 0.92 None 15 383 1
0.1 16.0 67 instant 0 4 0.75 None None 406 1
0.1 16.0 67 retraso20 5 5 0.8571428571428571 None None 406 1
0.1 16.0 67 retraso60 1 8 1.0 None None 406 1
0.1 16.0 67 burst300 0 7 0.75 None None 406 1
0.1 16.0 67 parasita5 5 8 1.0 None None 406 1
0.1 16.0 67 retro500 5 8 1.0 None None 406 1
0.1 16.0 73 instant 3 4 0.8 None None 402 9
0.1 16.0 73 retraso20 1 5 0.4 None None 402 1
0.1 16.0 73 retraso60 0 7 0.26666666666666666 None None 402 1
0.1 16.0 73 burst300 3 6 0.8 None None 402 9
0.1 16.0 73 parasita5 1 8 1.0 None None 402 1
0.1 16.0 73 retro500 0 8 0.9230769230769231 None 15 402 1
0.1 16.0 89 instant 4 4 0.8333333333333334 None None 421 12
0.1 16.0 89 retraso20 6 5 0.625 None None 421 1
0.1 16.0 89 retraso60 4 7 0.625 None None 421 1
0.1 16.0 89 burst300 4 7 0.8333333333333334 None None 421 12
0.1 16.0 89 parasita5 0 8 1.0 None None 421 1
0.1 16.0 89 retro500 0 8 0.96 None 18 421 1
0.1 16.0 97 instant 0 4 0.5189873417721519 17 6 361 1
0.1 16.0 97 retraso20 0 5 0.2826086956521739 17 16 361 1
0.1 16.0 97 retraso60 0 7 0.1282051282051282 28 15 361 1
0.1 16.0 97 burst300 0 7 0.2916666666666667 27 13 361 1
0.1 16.0 97 parasita5 7 7 1.0 None None 361 1
0.1 16.0 97 retro500 0 7 0.92 None 13 361 1
0.1 16.0 101 instant 0 4 0.5294117647058824 28 6 424 1
0.1 16.0 101 retraso20 0 5 0.0 None None 424 1
0.1 16.0 101 retraso60 0 8 0.8571428571428571 None None 424 1
0.1 16.0 101 burst300 0 7 0.43478260869565216 22 16 424 1
0.1 16.0 101 parasita5 0 8 1.0 None None 424 1
0.1 16.0 101 retro500 0 8 0.92 None 17 424 1
0.1 16.0 113 instant 1 4 0.6666666666666666 None None 415 5
0.1 16.0 113 retraso20 0 5 0.2 None None 415 1
0.1 16.0 113 retraso60 0 8 0.875 None None 415 1
0.1 16.0 113 burst300 1 7 0.6666666666666666 None None 415 5
0.1 16.0 113 parasita5 1 8 1.0 None None 415 1
0.1 16.0 113 retro500 0 8 0.92 None 17 415 1
0.1 16.0 127 instant 1 3 0.6666666666666666 None None 408 4
0.1 16.0 127 retraso20 1 4 0.0 None None 408 1
0.1 16.0 127 retraso60 2 7 0.8 None None 408 1
0.1 16.0 127 burst300 1 6 0.6666666666666666 None None 408 4
0.1 16.0 127 parasita5 0 8 1.0 None None 408 1
0.1 16.0 127 retro500 0 8 0.92 None 16 408 1
0.1 20.0 11 instant 9 3 0.9090909090909091 None None 406 20
0.1 20.0 11 retraso20 0 5 0.4444444444444444 None None 406 1
0.1 20.0 11 retraso60 8 8 1.0 None None 406 1
0.1 20.0 11 burst300 9 9 0.9090909090909091 None None 406 20
0.1 20.0 11 parasita5 0 10 0.9047619047619048 None 20 406 1
0.1 20.0 11 retro500 0 10 0.9047619047619048 None 20 406 1
0.1 20.0 23 instant 1 4 0.6 None None 418 1
0.1 20.0 23 retraso20 0 5 0.2 None None 418 1
0.1 20.0 23 retraso60 2 8 0.75 None None 418 1
0.1 20.0 23 burst300 1 8 0.6 None None 418 1
0.1 20.0 23 parasita5 0 10 0.95 None 27 418 1
0.1 20.0 23 retro500 2 10 0.9777777777777777 None 27 418 1
0.1 20.0 37 instant 2 4 0.75 None None 421 6
0.1 20.0 37 retraso20 0 5 0.3333333333333333 None None 421 1
0.1 20.0 37 retraso60 0 9 0.75 None None 421 1
0.1 20.0 37 burst300 2 7 0.75 None None 421 6
0.1 20.0 37 parasita5 0 10 0.9047619047619048 None 24 421 1
0.1 20.0 37 retro500 1 10 0.9459459459459459 None 24 421 1
0.1 20.0 41 instant 1 3 0.6666666666666666 None None 382 3
0.1 20.0 41 retraso20 1 4 0.0 None None 382 1
0.1 20.0 41 retraso60 1 9 0.6666666666666666 None None 382 1
0.1 20.0 41 burst300 1 7 0.6666666666666666 None None 382 3
0.1 20.0 41 parasita5 0 10 0.9 None 26 382 1
0.1 20.0 41 retro500 1 10 0.9473684210526315 None 26 382 1
0.1 20.0 59 instant 4 4 0.6666666666666666 None None 383 1
0.1 20.0 59 retraso20 1 5 0.25 None None 383 1
0.1 20.0 59 retraso60 6 7 0.6666666666666666 None None 383 1
0.1 20.0 59 burst300 4 8 0.6666666666666666 None None 383 1
0.1 20.0 59 parasita5 0 9 0.9047619047619048 None 20 383 1
0.1 20.0 59 retro500 0 9 0.9047619047619048 None 20 383 1
0.1 20.0 67 instant 7 4 1.0 None None 406 1
0.1 20.0 67 retraso20 7 5 0.8888888888888888 None None 406 1
0.1 20.0 67 retraso60 8 8 1.0 None None 406 1
0.1 20.0 67 burst300 7 9 1.0 None None 406 1
0.1 20.0 67 parasita5 0 10 0.95 None 23 406 1
0.1 20.0 67 retro500 1 10 0.9705882352941176 None 23 406 1
0.1 20.0 73 instant 1 4 0.7142857142857143 None None 402 1
0.1 20.0 73 retraso20 4 5 0.6666666666666666 None None 402 10
0.1 20.0 73 retraso60 5 7 0.9285714285714286 None None 402 1
0.1 20.0 73 burst300 1 7 0.7142857142857143 None None 402 1
0.1 20.0 73 parasita5 0 10 0.9047619047619048 None 21 402 1
0.1 20.0 73 retro500 1 10 0.9459459459459459 None 21 402 1
0.1 20.0 89 instant 4 4 0.8333333333333334 None None 421 12
0.1 20.0 89 retraso20 6 5 0.625 None None 421 1
0.1 20.0 89 retraso60 0 9 0.26666666666666666 None None 421 1
0.1 20.0 89 burst300 4 8 0.8333333333333334 None None 421 12
0.1 20.0 89 parasita5 0 10 0.9523809523809523 None 29 421 1
0.1 20.0 89 retro500 1 10 0.9722222222222222 None 29 421 1
0.1 20.0 97 instant 0 4 0.5128205128205128 16 7 361 1
0.1 20.0 97 retraso20 0 5 0.2391304347826087 17 18 361 1
0.1 20.0 97 retraso60 0 8 0.21875 36 23 361 1
0.1 20.0 97 burst300 0 7 0.5882352941176471 16 22 361 1
0.1 20.0 97 parasita5 3 9 1.0 None None 361 1
0.1 20.0 97 retro500 0 9 0.9047619047619048 None 16 361 1
0.1 20.0 101 instant 0 4 0.5061728395061729 24 6 424 1
0.1 20.0 101 retraso20 0 5 0.0 None None 424 1
0.1 20.0 101 retraso60 0 8 0.15384615384615385 None None 424 1
0.1 20.0 101 burst300 0 9 0.32653061224489793 33 23 424 1
0.1 20.0 101 parasita5 0 11 0.9444444444444444 None 37 424 1
0.1 20.0 101 retro500 1 11 0.9444444444444444 None 22 424 1
0.1 20.0 113 instant 1 4 0.6666666666666666 None None 415 5
0.1 20.0 113 retraso20 3 5 0.4 None None 415 1
0.1 20.0 113 retraso60 1 8 0.2 None None 415 1
0.1 20.0 113 burst300 1 8 0.6666666666666666 None None 415 5
0.1 20.0 113 parasita5 0 10 0.9047619047619048 None 24 415 1
0.1 20.0 113 retro500 1 10 0.9444444444444444 None 24 415 1
0.1 20.0 127 instant 1 3 0.6666666666666666 None None 408 4
0.1 20.0 127 retraso20 1 4 0.0 None None 408 1
0.1 20.0 127 retraso60 0 8 0.2 None None 408 1
0.1 20.0 127 burst300 1 7 0.6666666666666666 None None 408 4
0.1 20.0 127 parasita5 0 10 0.95 None 24 408 1
0.1 20.0 127 retro500 1 10 0.9714285714285714 None 24 408 1
0.25 1.0 11 instant 0 0 0.6350877192982456 4 0 406 1
0.25 1.0 11 retraso20 0 1 0.9829545454545454 7 0 406 1
0.25 1.0 11 retraso60 0 1 0.9829545454545454 4 0 406 1
0.25 1.0 11 burst300 0 1 0.8711340206185567 7 0 406 1
0.25 1.0 11 parasita5 0 1 1.0 None None 406 1
0.25 1.0 11 retro500 0 1 0.9942528735632183 None 0 406 1
0.25 1.0 23 instant 0 0 0.6460481099656358 4 0 418 1
0.25 1.0 23 retraso20 0 1 0.16666666666666666 None None 418 2
0.25 1.0 23 retraso60 0 1 0.06666666666666667 None None 418 2
0.25 1.0 23 burst300 0 1 0.8592233009708737 9 0 418 1
0.25 1.0 23 parasita5 0 1 0.9942528735632183 4 0 418 1
0.25 1.0 23 retro500 0 1 0.9942528735632183 4 0 418 1
0.25 1.0 37 instant 0 0 0.6266233766233766 5 0 421 1
0.25 1.0 37 retraso20 0 1 0.9891304347826086 5 0 421 1
0.25 1.0 37 retraso60 0 1 0.9891304347826086 27 0 421 1
0.25 1.0 37 burst300 0 0 0.7792792792792793 9 0 421 1
0.25 1.0 37 parasita5 0 1 1.0 None None 421 1
0.25 1.0 37 retro500 0 1 0.9891304347826086 None 0 421 1
0.25 1.0 41 instant 0 0 1.0 None None 382 2
0.25 1.0 41 retraso20 0 1 0.1 None None 382 2
0.25 1.0 41 retraso60 0 1 0.09090909090909091 None None 382 2
0.25 1.0 41 burst300 0 1 1.0 None None 382 2
0.25 1.0 41 parasita5 0 1 1.0 None None 382 2
0.25 1.0 41 retro500 0 1 1.0 None None 382 2
0.25 1.0 59 instant 0 0 0.6404494382022472 4 0 383 1
0.25 1.0 59 retraso20 0 1 0.9821428571428571 4 0 383 1
0.25 1.0 59 retraso60 0 1 0.9821428571428571 23 0 383 1
0.25 1.0 59 burst300 0 0 0.8391959798994975 5 0 383 1
0.25 1.0 59 parasita5 0 1 1.0 None None 383 1
0.25 1.0 59 retro500 0 1 0.9939759036144579 None 0 383 1
0.25 1.0 67 instant 0 0 1.0 None None 406 1
0.25 1.0 67 retraso20 0 1 1.0 None None 406 1
0.25 1.0 67 retraso60 0 1 0.0125 None 1 406 2
0.25 1.0 67 burst300 0 1 1.0 None None 406 1
0.25 1.0 67 parasita5 0 1 1.0 None None 406 1
0.25 1.0 67 retro500 0 1 1.0 None None 406 1
0.25 1.0 73 instant 1 0 1.0 None None 402 4
0.25 1.0 73 retraso20 0 1 1.0 None None 402 1
0.25 1.0 73 retraso60 0 1 0.012987012987012988 None 1 402 2
0.25 1.0 73 burst300 1 1 1.0 None None 402 4
0.25 1.0 73 parasita5 1 1 1.0 None None 402 4
0.25 1.0 73 retro500 1 1 1.0 None None 402 4
0.25 1.0 89 instant 0 0 0.6267123287671232 4 0 421 1
0.25 1.0 89 retraso20 0 1 0.125 None None 421 1
0.25 1.0 89 retraso60 0 1 0.125 None None 421 1
0.25 1.0 89 burst300 0 1 0.8613861386138614 7 0 421 1
0.25 1.0 89 parasita5 0 1 0.9942196531791907 5 0 421 1
0.25 1.0 89 retro500 0 1 0.9942196531791907 5 0 421 1
0.25 1.0 97 instant 0 0 0.6705882352941176 4 0 361 1
0.25 1.0 97 retraso20 0 1 0.9879518072289156 4 0 361 1
0.25 1.0 97 retraso60 0 1 0.9879518072289156 4 0 361 1
0.25 1.0 97 burst300 0 0 0.8918918918918919 5 0 361 1
0.25 1.0 97 parasita5 0 1 1.0 None None 361 1
0.25 1.0 97 retro500 0 1 0.9878787878787879 None 0 361 1
0.25 1.0 101 instant 0 0 0.6541095890410958 5 0 424 1
0.25 1.0 101 retraso20 0 1 0.25 None None 424 1
0.25 1.0 101 retraso60 0 1 0.14285714285714285 None None 424 1
0.25 1.0 101 burst300 0 0 0.8511627906976744 5 0 424 1
0.25 1.0 101 parasita5 0 1 0.989010989010989 6 0 424 1
0.25 1.0 101 retro500 0 1 0.989010989010989 5 0 424 1
0.25 1.0 113 instant 0 0 0.6594202898550725 4 0 415 1
0.25 1.0 113 retraso20 0 1 0.2 None None 415 2
0.25 1.0 113 retraso60 0 1 0.2 None None 415 2
0.25 1.0 113 burst300 0 1 0.905 4 0 415 1
0.25 1.0 113 parasita5 0 1 0.9943820224719101 4 0 415 1
0.25 1.0 113 retro500 0 1 0.9943820224719101 4 0 415 1
0.25 1.0 127 instant 0 0 0.6666666666666666 None None 408 1
0.25 1.0 127 retraso20 1 1 0.6666666666666666 None None 408 4
0.25 1.0 127 retraso60 1 1 0.6666666666666666 None None 408 4
0.25 1.0 127 burst300 0 1 0.6666666666666666 None None 408 1
0.25 1.0 127 parasita5 0 1 1.0 None None 408 1
0.25 1.0 127 retro500 0 1 1.0 None None 408 1
0.25 4.0 11 instant 0 0 0.5 5 1 406 1
0.25 4.0 11 retraso20 0 2 0.14953271028037382 16 4 406 1
0.25 4.0 11 retraso60 0 3 0.40229885057471265 30 3 406 1
0.25 4.0 11 burst300 0 2 0.3684210526315789 16 3 406 1
0.25 4.0 11 parasita5 0 3 1.0 None None 406 1
0.25 4.0 11 retro500 0 3 0.9736842105263158 None 3 406 1
0.25 4.0 23 instant 0 0 0.5 None None 418 2
0.25 4.0 23 retraso20 0 2 0.10526315789473684 None None 418 1
0.25 4.0 23 retraso60 0 2 0.09090909090909091 None None 418 1
0.25 4.0 23 burst300 0 2 0.5 None None 418 2
0.25 4.0 23 parasita5 0 2 1.0 None None 418 1
0.25 4.0 23 retro500 0 2 1.0 None None 418 1
0.25 4.0 37 instant 0 0 0.5 9 1 421 1
0.25 4.0 37 retraso20 0 2 0.1271186440677966 26 3 421 1
0.25 4.0 37 retraso60 0 2 0.034782608695652174 28 3 421 1
0.25 4.0 37 burst300 0 2 0.22916666666666666 9 2 421 1
0.25 4.0 37 parasita5 0 2 1.0 None None 421 1
0.25 4.0 37 retro500 0 2 0.975609756097561 None 3 421 1
0.25 4.0 41 instant 1 0 0.6666666666666666 None None 382 3
0.25 4.0 41 retraso20 0 2 0.1 None None 382 1
0.25 4.0 41 retraso60 0 2 0.09090909090909091 None None 382 1
0.25 4.0 41 burst300 1 2 0.6666666666666666 None None 382 3
0.25 4.0 41 parasita5 1 2 1.0 None None 382 4
0.25 4.0 41 retro500 1 2 1.0 None None 382 4
0.25 4.0 59 instant 0 0 0.5 7 1 383 1
0.25 4.0 59 retraso20 0 2 0.24752475247524752 20 3 383 1
0.25 4.0 59 retraso60 0 2 0.030612244897959183 24 3 383 1
0.25 4.0 59 burst300 0 2 0.22131147540983606 10 2 383 1
0.25 4.0 59 parasita5 0 2 1.0 None None 383 1
0.25 4.0 59 retro500 0 2 0.9859154929577465 None 3 383 1
0.25 4.0 67 instant 1 0 0.75 None None 406 1
0.25 4.0 67 retraso20 0 2 0.5 None None 406 1
0.25 4.0 67 retraso60 0 2 0.04819277108433735 None 3 406 2
0.25 4.0 67 burst300 1 2 0.75 None None 406 1
0.25 4.0 67 parasita5 0 2 1.0 None None 406 1
0.25 4.0 67 retro500 0 2 1.0 None None 406 1
0.25 4.0 73 instant 2 0 1.0 None None 402 7
0.25 4.0 73 retraso20 2 2 0.75 None None 402 1
0.25 4.0 73 retraso60 0 2 0.05 None 4 402 1
0.25 4.0 73 burst300 2 2 1.0 None None 402 7
0.25 4.0 73 parasita5 1 2 1.0 None None 402 1
0.25 4.0 73 retro500 1 2 1.0 None None 402 1
0.25 4.0 89 instant 0 0 0.4976958525345622 10 1 421 1
0.25 4.0 89 retraso20 0 3 0.3 None None 421 1
0.25 4.0 89 retraso60 0 3 0.09090909090909091 None None 421 1
0.25 4.0 89 burst300 0 2 0.21323529411764705 11 2 421 1
0.25 4.0 89 parasita5 1 3 1.0 None None 421 1
0.25 4.0 89 retro500 1 3 1.0 None None 421 1
0.25 4.0 97 instant 0 0 0.5384615384615384 8 1 361 1
0.25 4.0 97 retraso20 0 2 0.29347826086956524 18 3 361 1
0.25 4.0 97 retraso60 0 2 0.05747126436781609 30 2 361 1
0.25 4.0 97 burst300 0 2 0.2743362831858407 13 2 361 1
0.25 4.0 97 parasita5 0 2 1.0 None None 361 2
0.25 4.0 97 retro500 0 2 0.972972972972973 None 2 361 1
0.25 4.0 101 instant 0 1 0.5120772946859904 14 1 424 1
0.25 4.0 101 retraso20 0 3 0.14285714285714285 None None 424 1
0.25 4.0 101 retraso60 0 3 0.08 None None 424 1
0.25 4.0 101 burst300 0 2 0.2727272727272727 11 2 424 1
0.25 4.0 101 parasita5 0 3 1.0 None None 424 2
0.25 4.0 101 retro500 0 3 1.0 None None 424 2
0.25 4.0 113 instant 0 1 0.5 None None 415 2
0.25 4.0 113 retraso20 0 2 0.3333333333333333 None None 415 1
0.25 4.0 113 retraso60 0 2 0.3333333333333333 None None 415 1
0.25 4.0 113 burst300 0 2 0.5 None None 415 2
0.25 4.0 113 parasita5 0 2 1.0 None None 415 2
0.25 4.0 113 retro500 0 2 1.0 None None 415 2
0.25 4.0 127 instant 1 0 0.6666666666666666 None None 408 4
0.25 4.0 127 retraso20 0 2 0.5333333333333333 None None 408 2
0.25 4.0 127 retraso60 1 2 0.6666666666666666 None None 408 5
0.25 4.0 127 burst300 1 2 0.6666666666666666 None None 408 4
0.25 4.0 127 parasita5 1 2 1.0 None None 408 4
0.25 4.0 127 retro500 1 2 1.0 None None 408 4
0.25 8.0 11 instant 0 1 0.4497354497354497 8 2 406 1
0.25 8.0 11 retraso20 0 4 0.02857142857142857 20 9 406 1
0.25 8.0 11 retraso60 0 4 0.009523809523809525 0 None 406 1
0.25 8.0 11 burst300 0 4 0.2727272727272727 14 5 406 1
0.25 8.0 11 parasita5 0 4 1.0 None None 406 1
0.25 8.0 11 retro500 0 4 0.9545454545454546 None 6 406 1
0.25 8.0 23 instant 0 1 0.5 None None 418 2
0.25 8.0 23 retraso20 0 4 0.0 None None 418 1
0.25 8.0 23 retraso60 0 4 0.10526315789473684 None None 418 1
0.25 8.0 23 burst300 0 3 0.5 None None 418 2
0.25 8.0 23 parasita5 0 4 1.0 None None 418 1
0.25 8.0 23 retro500 0 4 1.0 None None 418 1
0.25 8.0 37 instant 0 1 0.4523809523809524 12 1 421 1
0.25 8.0 37 retraso20 0 4 0.07017543859649122 15 10 421 1
0.25 8.0 37 retraso60 0 4 0.017543859649122806 0 None 421 1
0.25 8.0 37 burst300 0 3 0.288 18 6 421 1
0.25 8.0 37 parasita5 0 4 1.0 None None 421 1
0.25 8.0 37 retro500 0 4 0.9565217391304348 None 6 421 1
0.25 8.0 41 instant 1 1 0.6666666666666666 None None 382 3
0.25 8.0 41 retraso20 0 4 0.0 None None 382 1
0.25 8.0 41 retraso60 0 4 0.4 None None 382 1
0.25 8.0 41 burst300 1 3 0.6666666666666666 None None 382 3
0.25 8.0 41 parasita5 0 4 1.0 None None 382 1
0.25 8.0 41 retro500 0 4 1.0 None None 382 1
0.25 8.0 59 instant 0 1 0.4418604651162791 8 2 383 1
0.25 8.0 59 retraso20 0 4 0.061224489795918366 14 9 383 1
0.25 8.0 59 retraso60 0 4 0.020618556701030927 29 6 383 1
0.25 8.0 59 burst300 0 3 0.19491525423728814 13 4 383 1
0.25 8.0 59 parasita5 0 4 1.0 None None 383 1
0.25 8.0 59 retro500 0 4 0.9512195121951219 None 6 383 1
0.25 8.0 67 instant 2 1 0.75 None None 406 6
0.25 8.0 67 retraso20 1 4 0.5 None None 406 2
0.25 8.0 67 retraso60 0 4 0.0125 None 8 406 1
0.25 8.0 67 burst300 2 3 0.75 None None 406 6
0.25 8.0 67 parasita5 2 4 1.0 None None 406 2
0.25 8.0 67 retro500 2 4 1.0 None None 406 1
0.25 8.0 73 instant 3 1 0.8 None None 402 9
0.25 8.0 73 retraso20 1 4 0.9047619047619048 None None 402 1
0.25 8.0 73 retraso60 0 4 0.023255813953488372 None 7 402 1
0.25 8.0 73 burst300 3 3 0.8 None None 402 9
0.25 8.0 73 parasita5 0 4 1.0 None None 402 1
0.25 8.0 73 retro500 1 4 1.0 None None 402 1
0.25 8.0 89 instant 0 1 0.4494949494949495 11 2 421 1
0.25 8.0 89 retraso20 0 4 0.125 None None 421 1
0.25 8.0 89 retraso60 0 4 0.125 None None 421 1
0.25 8.0 89 burst300 0 3 0.16793893129770993 25 5 421 1
0.25 8.0 89 parasita5 1 4 1.0 None None 421 1
0.25 8.0 89 retro500 1 4 1.0 None None 421 1
0.25 8.0 97 instant 0 1 0.46835443037974683 10 2 361 1
0.25 8.0 97 retraso20 0 4 0.11627906976744186 15 9 361 1
0.25 8.0 97 retraso60 0 4 0.1 31 5 361 1
0.25 8.0 97 burst300 0 3 0.2727272727272727 19 4 361 1
0.25 8.0 97 parasita5 1 4 1.0 None None 361 1
0.25 8.0 97 retro500 0 4 0.9555555555555556 None 5 361 1
0.25 8.0 101 instant 0 1 0.45108695652173914 9 2 424 1
0.25 8.0 101 retraso20 0 4 0.14285714285714285 None None 424 1
0.25 8.0 101 retraso60 0 4 0.12903225806451613 None None 424 1
0.25 8.0 101 burst300 0 3 0.21428571428571427 13 5 424 1
0.25 8.0 101 parasita5 0 4 1.0 None None 424 1
0.25 8.0 101 retro500 0 4 1.0 None None 424 1
0.25 8.0 113 instant 0 1 0.5 None None 415 2
0.25 8.0 113 retraso20 0 4 0.3333333333333333 None None 415 1
0.25 8.0 113 retraso60 0 4 0.027777777777777776 None None 415 1
0.25 8.0 113 burst300 0 4 0.5 None None 415 2
0.25 8.0 113 parasita5 0 4 1.0 None None 415 1
0.25 8.0 113 retro500 0 4 1.0 None None 415 1
0.25 8.0 127 instant 1 1 0.6666666666666666 None None 408 4
0.25 8.0 127 retraso20 0 4 0.0 None None 408 1
0.25 8.0 127 retraso60 0 5 0.018518518518518517 None 6 408 1
0.25 8.0 127 burst300 1 3 0.6666666666666666 None None 408 4
0.25 8.0 127 parasita5 0 4 1.0 None None 408 1
0.25 8.0 127 retro500 0 4 1.0 None None 408 1
0.25 16.0 11 instant 0 1 0.43169398907103823 9 2 406 1
0.25 16.0 11 retraso20 0 4 0.01904761904761905 6 17 406 1
0.25 16.0 11 retraso60 0 8 0.6774193548387096 25 14 406 1
0.25 16.0 11 burst300 0 7 0.37142857142857144 35 13 406 1
0.25 16.0 11 parasita5 4 8 1.0 None None 406 1
0.25 16.0 11 retro500 0 8 0.92 None 13 406 1
0.25 16.0 23 instant 0 1 0.5 None None 418 2
0.25 16.0 23 retraso20 0 5 0.0 None None 418 1
0.25 16.0 23 retraso60 0 8 0.014492753623188406 None None 418 1
0.25 16.0 23 burst300 0 6 0.5 None None 418 2
0.25 16.0 23 parasita5 0 8 0.92 None 13 418 1
0.25 16.0 23 retro500 1 8 0.9534883720930233 None 13 418 1
0.25 16.0 37 instant 0 1 0.42786069651741293 11 2 421 1
0.25 16.0 37 retraso20 0 5 0.02608695652173913 1 18 421 1
0.25 16.0 37 retraso60 0 8 0.22388059701492538 27 19 421 1
0.25 16.0 37 burst300 0 5 0.3956043956043956 11 None 421 1
0.25 16.0 37 parasita5 0 8 1.0 None 15 421 1
0.25 16.0 37 retro500 1 8 0.9523809523809523 None 12 421 1
0.25 16.0 41 instant 1 1 0.6666666666666666 None None 382 3
0.25 16.0 41 retraso20 0 4 0.0 None None 382 1
0.25 16.0 41 retraso60 0 8 0.0 None None 382 1
0.25 16.0 41 burst300 1 6 0.6666666666666666 None None 382 3
0.25 16.0 41 parasita5 0 8 1.0 None None 382 1
0.25 16.0 41 retro500 0 8 0.92 None 12 382 1
0.25 16.0 59 instant 0 1 0.42168674698795183 8 2 383 1
0.25 16.0 59 retraso20 0 5 0.041237113402061855 1 16 383 1
0.25 16.0 59 retraso60 0 8 0.010309278350515464 0 18 383 1
0.25 16.0 59 burst300 0 5 0.5211267605633803 12 None 383 1
0.25 16.0 59 parasita5 8 8 1.0 None None 383 1
0.25 16.0 59 retro500 0 8 0.92 None 11 383 1
0.25 16.0 67 instant 2 1 0.75 None None 406 6
0.25 16.0 67 retraso20 3 5 0.3333333333333333 None None 406 1
0.25 16.0 67 retraso60 0 8 0.014705882352941176 None None 406 1
0.25 16.0 67 burst300 2 6 0.75 None None 406 6
0.25 16.0 67 parasita5 0 8 0.9230769230769231 None 11 406 1
0.25 16.0 67 retro500 0 8 0.9230769230769231 None 11 406 1
0.25 16.0 73 instant 3 1 0.8 None None 402 9
0.25 16.0 73 retraso20 4 5 0.5 None None 402 1
0.25 16.0 73 retraso60 0 8 0.07228915662650602 None 18 402 1
0.25 16.0 73 burst300 3 5 0.8 None None 402 9
0.25 16.0 73 parasita5 0 8 1.0 None None 402 1
0.25 16.0 73 retro500 0 8 0.9230769230769231 None 12 402 1
0.25 16.0 89 instant 0 1 0.4381443298969072 11 2 421 1
0.25 16.0 89 retraso20 0 5 0.1111111111111111 None None 421 1
0.25 16.0 89 retraso60 0 8 0.08333333333333333 None None 421 1
0.25 16.0 89 burst300 0 6 0.23275862068965517 33 12 421 1
0.25 16.0 89 parasita5 0 8 1.0 None None 421 1
0.25 16.0 89 retro500 1 8 0.9545454545454546 None 14 421 1
0.25 16.0 97 instant 0 1 0.43243243243243246 11 2 361 1
0.25 16.0 97 retraso20 0 4 0.07142857142857142 1 17 361 1
0.25 16.0 97 retraso60 0 7 0.023809523809523808 0 None 361 1
0.25 16.0 97 burst300 0 5 0.5344827586206896 12 None 361 1
0.25 16.0 97 parasita5 6 7 1.0 None None 361 1
0.25 16.0 97 retro500 0 7 0.92 None 11 361 1
0.25 16.0 101 instant 0 1 0.4388888888888889 9 2 424 1
0.25 16.0 101 retraso20 0 4 0.0 None None 424 1
0.25 16.0 101 retraso60 0 9 0.030303030303030304 None None 424 1
0.25 16.0 101 burst300 0 6 0.2897196261682243 37 11 424 1
0.25 16.0 101 parasita5 0 8 1.0 None 21 424 1
0.25 16.0 101 retro500 1 9 0.9523809523809523 None 14 424 1
0.25 16.0 113 instant 0 1 0.5 None None 415 2
0.25 16.0 113 retraso20 0 5 0.125 None None 415 1
0.25 16.0 113 retraso60 0 8 0.25 None None 415 1
0.25 16.0 113 burst300 0 7 0.5 None None 415 2
0.25 16.0 113 parasita5 1 8 1.0 None None 415 1
0.25 16.0 113 retro500 0 8 0.92 None 14 415 1
0.25 16.0 127 instant 1 1 0.6666666666666666 None None 408 4
0.25 16.0 127 retraso20 0 5 0.0 None None 408 1
0.25 16.0 127 retraso60 0 7 0.13333333333333333 None None 408 1
0.25 16.0 127 burst300 1 6 0.6666666666666666 None None 408 4
0.25 16.0 127 parasita5 0 8 1.0 None None 408 1
0.25 16.0 127 retro500 0 8 0.92 None 12 408 1
0.25 20.0 11 instant 0 1 0.42857142857142855 13 2 406 1
0.25 20.0 11 retraso20 0 4 0.01904761904761905 1 20 406 1
0.25 20.0 11 retraso60 0 8 0.009523809523809525 0 27 406 1
0.25 20.0 11 burst300 0 7 0.28378378378378377 38 20 406 1
0.25 20.0 11 parasita5 0 10 0.9 None 17 406 1
0.25 20.0 11 retro500 3 10 0.9672131147540983 None 17 406 1
0.25 20.0 23 instant 0 1 0.5 None None 418 2
0.25 20.0 23 retraso20 0 5 0.0 None None 418 1
0.25 20.0 23 retraso60 0 9 0.009615384615384616 None 22 418 1
0.25 20.0 23 burst300 0 7 0.5 None None 418 2
0.25 20.0 23 parasita5 0 10 0.9047619047619048 None 18 418 1
0.25 20.0 23 retro500 6 10 0.9753086419753086 None 18 418 1
0.25 20.0 37 instant 0 1 0.42786069651741293 11 2 421 1
0.25 20.0 37 retraso20 0 5 0.02608695652173913 1 21 421 1
0.25 20.0 37 retraso60 0 11 0.008695652173913044 0 36 421 1
0.25 20.0 37 burst300 0 6 0.2761904761904762 23 15 421 1
0.25 20.0 37 parasita5 0 10 0.9047619047619048 None 17 421 1
0.25 20.0 37 retro500 5 10 0.9722222222222222 None 17 421 1
0.25 20.0 41 instant 1 1 0.6666666666666666 None None 382 3
0.25 20.0 41 retraso20 0 4 0.0 None None 382 1
0.25 20.0 41 retraso60 0 9 0.4 None None 382 1
0.25 20.0 41 burst300 1 6 0.6666666666666666 None None 382 3
0.25 20.0 41 parasita5 0 10 0.9 None 35 382 1
0.25 20.0 41 retro500 4 10 0.9682539682539683 None 33 382 1
0.25 20.0 59 instant 0 1 0.41818181818181815 8 2 383 1
0.25 20.0 59 retraso20 0 4 0.030927835051546393 1 20 383 1
0.25 20.0 59 retraso60 0 9 0.010309278350515464 0 32 383 1
0.25 20.0 59 burst300 0 5 0.3924050632911392 25 14 383 1
0.25 20.0 59 parasita5 0 10 0.9 None 15 383 1
0.25 20.0 59 retro500 4 10 0.9661016949152542 None 15 383 1
0.25 20.0 67 instant 2 1 0.75 None None 406 6
0.25 20.0 67 retraso20 0 5 0.16666666666666666 None None 406 1
0.25 20.0 67 retraso60 3 10 0.8 None None 406 1
0.25 20.0 67 burst300 2 8 0.75 None None 406 6
0.25 20.0 67 parasita5 1 10 0.9459459459459459 None 16 406 1
0.25 20.0 67 retro500 5 10 0.971830985915493 None 16 406 1
0.25 20.0 73 instant 3 1 0.8 None None 402 9
0.25 20.0 73 retraso20 4 5 0.5 None None 402 1
0.25 20.0 73 retraso60 10 8 0.96 None None 402 1
0.25 20.0 73 burst300 3 7 0.8 None None 402 9
0.25 20.0 73 parasita5 9 10 0.9782608695652174 None 34 402 1
0.25 20.0 73 retro500 9 10 0.9782608695652174 None 34 402 1
0.25 20.0 89 instant 0 1 0.43523316062176165 11 2 421 1
0.25 20.0 89 retraso20 0 5 0.1111111111111111 None None 421 1
0.25 20.0 89 retraso60 0 9 0.05 None None 421 1
0.25 20.0 89 burst300 0 7 0.3111111111111111 35 18 421 1
0.25 20.0 89 parasita5 0 10 0.9 None 25 421 1
0.25 20.0 89 retro500 5 10 0.9714285714285714 None 24 421 1
0.25 20.0 97 instant 0 1 0.42857142857142855 11 2 361 1
0.25 20.0 97 retraso20 0 4 0.058823529411764705 1 18 361 1
0.25 20.0 97 retraso60 0 9 0.72 32 19 361 1
0.25 20.0 97 burst300 0 6 0.4126984126984127 29 14 361 1
0.25 20.0 97 parasita5 0 9 0.9047619047619048 None 13 361 1
0.25 20.0 97 retro500 1 9 0.9411764705882353 None 13 361 1
0.25 20.0 101 instant 0 1 0.4388888888888889 9 2 424 1
0.25 20.0 101 retraso20 0 4 0.0 None None 424 1
0.25 20.0 101 retraso60 0 10 0.0 None None 424 1
0.25 20.0 101 burst300 0 7 0.28846153846153844 22 19 424 1
0.25 20.0 101 parasita5 0 11 0.9473684210526315 None 23 424 1
0.25 20.0 101 retro500 5 11 0.9736842105263158 None 19 424 1
0.25 20.0 113 instant 0 1 0.5 None None 415 2
0.25 20.0 113 retraso20 0 5 0.0 None None 415 1
0.25 20.0 113 retraso60 0 9 0.14285714285714285 None None 415 1
0.25 20.0 113 burst300 0 8 0.5 None None 415 2
0.25 20.0 113 parasita5 0 10 0.9047619047619048 None 20 415 1
0.25 20.0 113 retro500 4 10 0.9692307692307692 None 20 415 1
0.25 20.0 127 instant 1 1 0.6666666666666666 None None 408 4
0.25 20.0 127 retraso20 0 5 0.0 None None 408 1
0.25 20.0 127 retraso60 0 9 0.0 None None 408 1
0.25 20.0 127 burst300 1 7 0.6666666666666666 None None 408 4
0.25 20.0 127 parasita5 0 10 0.9 None 20 408 1
0.25 20.0 127 retro500 4 10 0.9672131147540983 None 20 408 1
0.4 1.0 11 instant 0 0 0.5108359133126935 4 0 406 1
0.4 1.0 11 retraso20 0 1 0.5523255813953488 13 1 406 1
0.4 1.0 11 retraso60 0 1 0.8395061728395061 24 0 406 1
0.4 1.0 11 burst300 0 1 0.63 21 0 406 1
0.4 1.0 11 parasita5 0 1 1.0 None None 406 1
0.4 1.0 11 retro500 0 1 0.993421052631579 None 0 406 1
0.4 1.0 23 instant 0 0 0.5223880597014925 3 0 418 1
0.4 1.0 23 retraso20 0 1 0.6746987951807228 3 1 418 1
0.4 1.0 23 retraso60 0 1 0.9454545454545454 25 0 418 1
0.4 1.0 23 burst300 0 0 0.7285714285714285 8 0 418 1
0.4 1.0 23 parasita5 0 1 1.0 None None 418 1
0.4 1.0 23 retro500 0 1 0.9875 None 0 418 1
0.4 1.0 37 instant 0 0 0.4690265486725664 2 1 421 1
0.4 1.0 37 retraso20 0 2 0.11351351351351352 14 1 421 1
0.4 1.0 37 retraso60 0 2 0.038461538461538464 37 1 421 1
0.4 1.0 37 burst300 0 0 0.2222222222222222 28 1 421 1
0.4 1.0 37 parasita5 0 2 1.0 None None 421 1
0.4 1.0 37 retro500 0 2 0.9868421052631579 None 0 421 1
0.4 1.0 41 instant 0 0 0.4852459016393443 2 1 382 1
0.4 1.0 41 retraso20 0 1 0.1592356687898089 16 1 382 1
0.4 1.0 41 retraso60 0 1 0.0 0 None 382 1
0.4 1.0 41 burst300 0 0 0.5210526315789473 7 1 382 1
0.4 1.0 41 parasita5 0 1 1.0 None None 382 1
0.4 1.0 41 retro500 0 1 0.986013986013986 None 0 382 1
0.4 1.0 59 instant 0 0 0.5131578947368421 3 0 383 1
0.4 1.0 59 retraso20 0 1 0.5235294117647059 13 1 383 1
0.4 1.0 59 retraso60 0 1 0.7083333333333334 26 0 383 1
0.4 1.0 59 burst300 0 0 0.7475247524752475 15 0 383 1
0.4 1.0 59 parasita5 0 1 1.0 None None 383 1
0.4 1.0 59 retro500 0 1 0.9933333333333333 None 0 383 1
0.4 1.0 67 instant 0 0 0.5 None None 406 2
0.4 1.0 67 retraso20 0 1 0.125 None None 406 2
0.4 1.0 67 retraso60 0 1 0.0 None None 406 2
0.4 1.0 67 burst300 0 0 0.5 None None 406 2
0.4 1.0 67 parasita5 0 1 1.0 None None 406 2
0.4 1.0 67 retro500 0 1 1.0 None None 406 2
0.4 1.0 73 instant 0 0 0.5207667731629393 4 0 402 1
0.4 1.0 73 retraso20 0 1 0.2 None None 402 2
0.4 1.0 73 retraso60 0 1 0.0 None None 402 1
0.4 1.0 73 burst300 0 1 0.7424242424242424 20 0 402 1
0.4 1.0 73 parasita5 1 1 1.0 None None 402 3
0.4 1.0 73 retro500 1 1 1.0 None None 402 3
0.4 1.0 89 instant 0 0 0.4984709480122324 4 1 421 1
0.4 1.0 89 retraso20 0 1 0.1111111111111111 None None 421 1
0.4 1.0 89 retraso60 0 1 0.0 None None 421 1
0.4 1.0 89 burst300 0 1 0.3627450980392157 14 1 421 1
0.4 1.0 89 parasita5 0 1 0.9935064935064936 4 0 421 1
0.4 1.0 89 retro500 0 1 0.9935064935064936 4 0 421 1
0.4 1.0 97 instant 0 0 0.5451388888888888 3 0 361 1
0.4 1.0 97 retraso20 0 1 0.7748344370860927 17 0 361 1
0.4 1.0 97 retraso60 0 1 0.9865771812080537 21 0 361 1
0.4 1.0 97 burst300 0 0 0.6190476190476191 18 0 361 1
0.4 1.0 97 parasita5 0 1 1.0 None None 361 1
0.4 1.0 97 retro500 0 1 0.9864864864864865 None 0 361 1
0.4 1.0 101 instant 0 0 0.5255255255255256 3 0 424 1
0.4 1.0 101 retraso20 0 1 0.7616279069767442 20 1 424 1
0.4 1.0 101 retraso60 0 1 0.7616279069767442 28 1 424 1
0.4 1.0 101 burst300 0 0 0.7783018867924528 15 0 424 1
0.4 1.0 101 parasita5 0 1 1.0 None None 424 1
0.4 1.0 101 retro500 0 1 0.9878787878787879 None 0 424 1
0.4 1.0 113 instant 0 0 0.4984709480122324 3 1 415 1
0.4 1.0 113 retraso20 0 1 0.16666666666666666 None None 415 2
0.4 1.0 113 retraso60 0 1 0.0 None None 415 2
0.4 1.0 113 burst300 0 0 0.2571428571428571 26 1 415 1
0.4 1.0 113 parasita5 0 1 0.9871794871794872 3 0 415 1
0.4 1.0 113 retro500 0 1 0.9871794871794872 3 0 415 1
0.4 1.0 127 instant 0 0 0.6666666666666666 None None 408 1
0.4 1.0 127 retraso20 1 1 0.6666666666666666 None None 408 4
0.4 1.0 127 retraso60 0 2 0.0 None None 408 1
0.4 1.0 127 burst300 0 0 0.6666666666666666 None None 408 1
0.4 1.0 127 parasita5 0 2 1.0 None None 408 1
0.4 1.0 127 retro500 0 2 1.0 None None 408 1
0.4 4.0 11 instant 0 0 0.4037735849056604 9 1 406 1
0.4 4.0 11 retraso20 0 3 0.006289308176100629 14 4 406 1
0.4 4.0 11 retraso60 0 3 0.006289308176100629 0 3 406 1
0.4 4.0 11 burst300 0 2 0.1366120218579235 20 3 406 1
0.4 4.0 11 parasita5 0 3 1.0 None None 406 1
0.4 4.0 11 retro500 0 3 0.9710144927536232 None 2 406 1
0.4 4.0 23 instant 0 0 0.4265232974910394 4 1 418 1
0.4 4.0 23 retraso20 0 3 0.006211180124223602 15 4 418 1
0.4 4.0 23 retraso60 0 3 0.006211180124223602 0 3 418 1
0.4 4.0 23 burst300 0 2 0.15789473684210525 7 3 418 1
0.4 4.0 23 parasita5 0 3 1.0 None None 418 1
0.4 4.0 23 retro500 0 3 0.9733333333333334 None 2 418 1
0.4 4.0 37 instant 0 0 0.3856655290102389 5 2 421 1
0.4 4.0 37 retraso20 0 3 0.011111111111111112 15 6 421 1
0.4 4.0 37 retraso60 0 3 0.005555555555555556 22 4 421 1
0.4 4.0 37 burst300 0 1 0.14354066985645933 21 4 421 1
0.4 4.0 37 parasita5 0 3 1.0 None None 421 1
0.4 4.0 37 retro500 0 3 0.972972972972973 None 2 421 1
0.4 4.0 41 instant 0 0 0.38671875 7 2 382 1
0.4 4.0 41 retraso20 0 3 0.0 16 4 382 1
0.4 4.0 41 retraso60 0 3 0.0 0 None 382 1
0.4 4.0 41 burst300 0 1 0.41304347826086957 7 3 382 1
0.4 4.0 41 parasita5 0 3 1.0 None None 382 1
0.4 4.0 41 retro500 0 3 0.9701492537313433 None 2 382 1
0.4 4.0 59 instant 0 0 0.408 7 1 383 1
0.4 4.0 59 retraso20 0 2 0.013333333333333334 13 4 383 1
0.4 4.0 59 retraso60 0 2 0.013333333333333334 1 3 383 1
0.4 4.0 59 burst300 0 1 0.1638418079096045 12 2 383 1
0.4 4.0 59 parasita5 0 3 1.0 None None 383 1
0.4 4.0 59 retro500 0 3 0.9855072463768116 None 2 383 1
0.4 4.0 67 instant 0 0 0.5 None None 406 2
0.4 4.0 67 retraso20 0 3 0.0 None 4 406 1
0.4 4.0 67 retraso60 0 3 0.010416666666666666 None 6 406 1
0.4 4.0 67 burst300 0 1 0.5 None None 406 2
0.4 4.0 67 parasita5 0 3 1.0 None None 406 1
0.4 4.0 67 retro500 0 3 1.0 None None 406 1
0.4 4.0 73 instant 0 0 0.42084942084942084 8 1 402 1
0.4 4.0 73 retraso20 0 3 0.2 None None 402 1
0.4 4.0 73 retraso60 0 3 0.006756756756756757 None 2 402 1
0.4 4.0 73 burst300 0 1 0.16853932584269662 16 3 402 1
0.4 4.0 73 parasita5 1 3 1.0 None None 402 1
0.4 4.0 73 retro500 1 3 1.0 None None 402 1
0.4 4.0 89 instant 0 0 0.4121863799283154 7 1 421 1
0.4 4.0 89 retraso20 0 3 0.2727272727272727 None None 421 1
0.4 4.0 89 retraso60 0 3 0.006134969325153374 None 3 421 1
0.4 4.0 89 burst300 0 2 0.15104166666666666 13 3 421 1
0.4 4.0 89 parasita5 1 3 1.0 None None 421 2
0.4 4.0 89 retro500 1 3 1.0 None None 421 2
0.4 4.0 97 instant 0 0 0.45188284518828453 7 1 361 1
0.4 4.0 97 retraso20 0 3 0.03007518796992481 13 3 361 1
0.4 4.0 97 retraso60 0 3 0.03007518796992481 28 3 361 1
0.4 4.0 97 burst300 0 2 0.2037037037037037 16 3 361 1
0.4 4.0 97 parasita5 0 3 1.0 None None 361 2
0.4 4.0 97 retro500 0 3 0.9714285714285714 None 2 361 1
0.4 4.0 101 instant 0 0 0.4254545454545455 4 1 424 1
0.4 4.0 101 retraso20 0 3 0.012658227848101266 17 3 424 1
0.4 4.0 101 retraso60 0 3 0.012658227848101266 27 4 424 1
0.4 4.0 101 burst300 0 2 0.1746031746031746 24 3 424 1
0.4 4.0 101 parasita5 0 3 1.0 None None 424 1
0.4 4.0 101 retro500 0 3 0.9733333333333334 None 2 424 1
0.4 4.0 113 instant 0 0 0.5 None None 415 2
0.4 4.0 113 retraso20 0 3 0.0 None None 415 1
0.4 4.0 113 retraso60 0 3 0.006097560975609756 None 2 415 1
0.4 4.0 113 burst300 0 2 0.5 None None 415 2
0.4 4.0 113 parasita5 0 3 1.0 None None 415 2
0.4 4.0 113 retro500 0 3 1.0 None None 415 2
0.4 4.0 127 instant 1 0 0.6666666666666666 None None 408 4
0.4 4.0 127 retraso20 0 2 0.08695652173913043 None None 408 2
0.4 4.0 127 retraso60 0 3 0.03225806451612903 None None 408 1
0.4 4.0 127 burst300 1 1 0.6666666666666666 None None 408 4
0.4 4.0 127 parasita5 1 3 1.0 None None 408 4
0.4 4.0 127 retro500 1 3 1.0 None None 408 4
0.4 8.0 11 instant 0 0 0.3803921568627451 8 2 406 1
0.4 8.0 11 retraso20 0 4 0.006289308176100629 6 14 406 1
0.4 8.0 11 retraso60 0 5 0.006289308176100629 0 6 406 1
0.4 8.0 11 burst300 0 2 0.11235955056179775 26 7 406 1
0.4 8.0 11 parasita5 0 5 1.0 None None 406 1
0.4 8.0 11 retro500 0 5 0.9523809523809523 None 5 406 1
0.4 8.0 23 instant 0 0 0.4052044609665427 4 1 418 1
0.4 8.0 23 retraso20 0 4 0.006211180124223602 0 15 418 1
0.4 8.0 23 retraso60 0 4 0.006211180124223602 0 None 418 1
0.4 8.0 23 burst300 0 2 0.272108843537415 19 5 418 1
0.4 8.0 23 parasita5 0 5 1.0 None None 418 1
0.4 8.0 23 retro500 0 5 0.9534883720930233 None 5 418 1
0.4 8.0 37 instant 0 0 0.3617021276595745 8 2 421 1
0.4 8.0 37 retraso20 0 4 0.011111111111111112 4 19 421 1
0.4 8.0 37 retraso60 0 5 0.005555555555555556 21 12 421 1
0.4 8.0 37 burst300 0 1 0.12682926829268293 20 10 421 1
0.4 8.0 37 parasita5 0 5 1.0 None None 421 1
0.4 8.0 37 retro500 0 5 0.9545454545454546 None 4 421 1
0.4 8.0 41 instant 0 0 0.3617886178861789 7 2 382 1
0.4 8.0 41 retraso20 0 4 0.0 0 16 382 1
0.4 8.0 41 retraso60 0 5 0.0 0 None 382 1
0.4 8.0 41 burst300 0 2 0.3893805309734513 7 4 382 1
0.4 8.0 41 parasita5 0 5 1.0 None None 382 1
0.4 8.0 41 retro500 0 5 0.9512195121951219 None 4 382 1
0.4 8.0 59 instant 0 0 0.3728813559322034 6 2 383 1
0.4 8.0 59 retraso20 0 4 0.006711409395973154 13 14 383 1
0.4 8.0 59 retraso60 0 4 0.006711409395973154 0 7 383 1
0.4 8.0 59 burst300 0 2 0.15428571428571428 7 5 383 1
0.4 8.0 59 parasita5 0 5 1.0 None None 383 1
0.4 8.0 59 retro500 0 5 0.9487179487179487 None 5 383 1
0.4 8.0 67 instant 0 0 0.5 None None 406 2
0.4 8.0 67 retraso20 0 4 0.0 None None 406 1
0.4 8.0 67 retraso60 0 4 0.4 None None 406 1
0.4 8.0 67 burst300 0 2 0.5 None None 406 2
0.4 8.0 67 parasita5 1 5 1.0 None None 406 1
0.4 8.0 67 retro500 1 5 1.0 None None 406 1
0.4 8.0 73 instant 0 0 0.3877551020408163 7 1 402 1
0.4 8.0 73 retraso20 0 4 0.0 None None 402 1
0.4 8.0 73 retraso60 0 5 0.006622516556291391 None 5 402 1
0.4 8.0 73 burst300 0 2 0.2887323943661972 19 6 402 1
0.4 8.0 73 parasita5 0 5 1.0 None None 402 1
0.4 8.0 73 retro500 0 5 1.0 None None 402 1
0.4 8.0 89 instant 0 0 0.3948339483394834 6 2 421 1
0.4 8.0 89 retraso20 0 4 0.1111111111111111 None None 421 1
0.4 8.0 89 retraso60 0 5 0.006060606060606061 None 5 421 1
0.4 8.0 89 burst300 0 2 0.36153846153846153 19 6 421 1
0.4 8.0 89 parasita5 2 5 1.0 None None 421 2
0.4 8.0 89 retro500 1 5 1.0 None None 421 1
0.4 8.0 97 instant 0 0 0.42035398230088494 11 1 361 1
0.4 8.0 97 retraso20 0 4 0.015267175572519083 4 12 361 1
0.4 8.0 97 retraso60 0 4 0.015267175572519083 23 6 361 1
0.4 8.0 97 burst300 0 2 0.17834394904458598 24 7 361 1
0.4 8.0 97 parasita5 0 4 1.0 None None 361 1
0.4 8.0 97 retro500 0 4 0.9534883720930233 None 4 361 1
0.4 8.0 101 instant 0 0 0.4037735849056604 4 1 424 1
0.4 8.0 101 retraso20 0 4 0.012658227848101266 20 10 424 1
0.4 8.0 101 retraso60 0 5 0.4533333333333333 18 7 424 1
0.4 8.0 101 burst300 0 2 0.2578616352201258 15 8 424 1
0.4 8.0 101 parasita5 0 5 1.0 None None 424 1
0.4 8.0 101 retro500 0 5 0.9555555555555556 None 5 424 1
0.4 8.0 113 instant 0 0 0.5 None None 415 2
0.4 8.0 113 retraso20 0 4 0.0 None None 415 1
0.4 8.0 113 retraso60 0 5 0.024691358024691357 None None 415 1
0.4 8.0 113 burst300 0 2 0.5 None None 415 2
0.4 8.0 113 parasita5 0 5 1.0 None None 415 1
0.4 8.0 113 retro500 0 5 1.0 None None 415 1
0.4 8.0 127 instant 1 0 0.6666666666666666 None None 408 4
0.4 8.0 127 retraso20 0 4 0.0 None None 408 1
0.4 8.0 127 retraso60 0 5 0.06493506493506493 None 12 408 1
0.4 8.0 127 burst300 1 1 0.6666666666666666 None None 408 4
0.4 8.0 127 parasita5 0 5 1.0 None None 408 1
0.4 8.0 127 retro500 0 5 1.0 None None 408 1
0.4 16.0 11 instant 0 0 0.3705179282868526 13 2 406 1
0.4 16.0 11 retraso20 0 5 0.006289308176100629 0 22 406 1
0.4 16.0 11 retraso60 0 8 0.22727272727272727 13 17 406 1
0.4 16.0 11 burst300 0 3 0.2857142857142857 13 None 406 1
0.4 16.0 11 parasita5 0 8 1.0 None None 406 1
0.4 16.0 11 retro500 1 9 0.95 None 10 406 1
0.4 16.0 23 instant 0 0 0.4052044609665427 4 1 418 1
0.4 16.0 23 retraso20 0 6 0.006211180124223602 0 22 418 1
0.4 16.0 23 retraso60 0 8 0.006211180124223602 23 None 418 1
0.4 16.0 23 burst300 0 2 0.2631578947368421 25 14 418 1
0.4 16.0 23 parasita5 0 8 0.92 None 10 418 1
0.4 16.0 23 retro500 2 9 0.9629629629629629 None 10 418 1
0.4 16.0 37 instant 0 0 0.3594306049822064 8 2 421 1
0.4 16.0 37 retraso20 0 6 0.011111111111111112 1 26 421 1
0.4 16.0 37 retraso60 0 9 0.1590909090909091 16 18 421 1
0.4 16.0 37 burst300 0 1 0.34513274336283184 26 6 421 1
0.4 16.0 37 parasita5 0 8 1.0 None 10 421 1
0.4 16.0 37 retro500 2 9 0.9629629629629629 None 9 421 1
0.4 16.0 41 instant 0 0 0.35918367346938773 7 2 382 1
0.4 16.0 41 retraso20 0 6 0.0 0 23 382 1
0.4 16.0 41 retraso60 0 8 0.32142857142857145 19 12 382 1
0.4 16.0 41 burst300 0 2 0.3153153153153153 4 8 382 1
0.4 16.0 41 parasita5 0 8 1.0 None 26 382 1
0.4 16.0 41 retro500 1 8 0.9487179487179487 None 9 382 1
0.4 16.0 59 instant 0 0 0.3702127659574468 6 2 383 1
0.4 16.0 59 retraso20 0 5 0.006711409395973154 0 20 383 1
0.4 16.0 59 retraso60 0 7 0.006711409395973154 0 13 383 1
0.4 16.0 59 burst300 0 2 0.15428571428571428 14 11 383 1
0.4 16.0 59 parasita5 0 8 1.0 None None 383 1
0.4 16.0 59 retro500 0 8 0.9166666666666666 None 9 383 1
0.4 16.0 67 instant 0 0 0.5 None None 406 2
0.4 16.0 67 retraso20 0 5 0.0 None None 406 1
0.4 16.0 67 retraso60 0 8 0.08695652173913043 None None 406 1
0.4 16.0 67 burst300 0 2 0.5 None None 406 2
0.4 16.0 67 parasita5 0 8 0.9230769230769231 None 9 406 1
0.4 16.0 67 retro500 1 8 0.9545454545454546 None 9 406 1
0.4 16.0 73 instant 0 0 0.38271604938271603 11 1 402 1
0.4 16.0 73 retraso20 0 5 0.0 None None 402 1
0.4 16.0 73 retraso60 0 8 0.8333333333333334 None None 402 1
0.4 16.0 73 burst300 0 2 0.2692307692307692 None 26 402 1
0.4 16.0 73 parasita5 0 8 0.9230769230769231 None 9 402 1
0.4 16.0 73 retro500 1 8 0.9545454545454546 None 9 402 1
0.4 16.0 89 instant 0 0 0.3857677902621723 6 2 421 1
0.4 16.0 89 retraso20 0 5 0.0 None None 421 1
0.4 16.0 89 retraso60 0 8 0.0 None None 421 1
0.4 16.0 89 burst300 0 2 0.3025210084033613 38 10 421 1
0.4 16.0 89 parasita5 0 8 0.92 None 11 421 1
0.4 16.0 89 retro500 3 8 0.9666666666666667 None 11 421 1
0.4 16.0 97 instant 0 0 0.4099099099099099 11 1 361 1
0.4 16.0 97 retraso20 0 5 0.007575757575757576 0 19 361 1
0.4 16.0 97 retraso60 0 7 0.007575757575757576 0 None 361 1
0.4 16.0 97 burst300 0 2 0.24812030075187969 None 26 361 1
0.4 16.0 97 parasita5 4 7 1.0 None None 361 1
0.4 16.0 97 retro500 0 8 0.92 None 9 361 1
0.4 16.0 101 instant 0 0 0.4015151515151515 4 1 424 1
0.4 16.0 101 retraso20 0 5 0.006329113924050633 0 23 424 1
0.4 16.0 101 retraso60 0 9 0.006329113924050633 None 26 424 1
0.4 16.0 101 burst300 0 2 0.15135135135135136 33 20 424 1
0.4 16.0 101 parasita5 0 9 0.9166666666666666 None 11 424 1
0.4 16.0 101 retro500 3 9 0.9661016949152542 None 11 424 1
0.4 16.0 113 instant 0 0 0.5 None None 415 2
0.4 16.0 113 retraso20 0 5 0.0 None None 415 1
0.4 16.0 113 retraso60 0 9 0.0 None None 415 1
0.4 16.0 113 burst300 0 2 0.5 None None 415 2
0.4 16.0 113 parasita5 0 8 0.92 None 10 415 1
0.4 16.0 113 retro500 1 9 0.9523809523809523 None 10 415 1
0.4 16.0 127 instant 1 0 0.6666666666666666 None None 408 4
0.4 16.0 127 retraso20 0 5 0.0 None None 408 1
0.4 16.0 127 retraso60 0 9 0.029411764705882353 None None 408 1
0.4 16.0 127 burst300 1 1 0.6666666666666666 None None 408 4
0.4 16.0 127 parasita5 0 8 0.92 None 9 408 1
0.4 16.0 127 retro500 2 9 0.9622641509433962 None 9 408 1
0.4 20.0 11 instant 0 0 0.3705179282868526 13 2 406 1
0.4 20.0 11 retraso20 0 5 0.006289308176100629 0 25 406 1
0.4 20.0 11 retraso60 0 10 0.006289308176100629 0 34 406 1
0.4 20.0 11 burst300 0 3 0.4444444444444444 13 11 406 1
0.4 20.0 11 parasita5 0 10 0.9 None 12 406 1
0.4 20.0 11 retro500 6 10 0.9753086419753086 None 12 406 1
0.4 20.0 23 instant 0 0 0.4052044609665427 4 1 418 1
0.4 20.0 23 retraso20 0 6 0.006211180124223602 0 26 418 1
0.4 20.0 23 retraso60 0 11 0.6 33 18 418 1
0.4 20.0 23 burst300 0 2 0.3 6 12 418 1
0.4 20.0 23 parasita5 1 10 0.9428571428571428 None 13 418 1
0.4 20.0 23 retro500 9 10 0.9811320754716981 None 13 418 1
0.4 20.0 37 instant 0 0 0.3594306049822064 8 2 421 1
0.4 20.0 37 retraso20 0 6 0.011111111111111112 1 30 421 1
0.4 20.0 37 retraso60 0 10 0.005555555555555556 0 None 421 1
0.4 20.0 37 burst300 0 1 0.35185185185185186 9 9 421 1
0.4 20.0 37 parasita5 0 10 0.9047619047619048 None 13 421 1
0.4 20.0 37 retro500 9 10 0.9791666666666666 None 13 421 1
0.4 20.0 41 instant 0 0 0.35918367346938773 7 2 382 1
0.4 20.0 41 retraso20 0 6 0.0 0 26 382 1
0.4 20.0 41 retraso60 0 10 0.0 0 None 382 1
0.4 20.0 41 burst300 0 2 0.38461538461538464 20 9 382 1
0.4 20.0 41 parasita5 0 9 0.9 None 15 382 1
0.4 20.0 41 retro500 8 9 0.975 None 14 382 1
0.4 20.0 59 instant 0 0 0.3702127659574468 6 2 383 1
0.4 20.0 59 retraso20 0 5 0.006711409395973154 0 23 383 1
0.4 20.0 59 retraso60 0 10 0.006711409395973154 None 25 383 1
0.4 20.0 59 burst300 0 2 0.15428571428571428 None 16 383 1
0.4 20.0 59 parasita5 1 10 0.9428571428571428 None 12 383 1
0.4 20.0 59 retro500 7 10 0.9775280898876404 None 12 383 1
0.4 20.0 67 instant 0 0 0.5 None None 406 2
0.4 20.0 67 retraso20 0 5 0.0 None None 406 1
0.4 20.0 67 retraso60 0 10 0.0 None None 406 1
0.4 20.0 67 burst300 0 2 0.5 None None 406 2
0.4 20.0 67 parasita5 2 10 0.9591836734693877 None 12 406 1
0.4 20.0 67 retro500 8 10 0.9791666666666666 None 12 406 1
0.4 20.0 73 instant 0 0 0.38271604938271603 11 1 402 1
0.4 20.0 73 retraso20 0 6 0.0 None None 402 1
0.4 20.0 73 retraso60 0 10 0.0 None None 402 1
0.4 20.0 73 burst300 0 2 0.37 5 14 402 1
0.4 20.0 73 parasita5 1 10 0.9444444444444444 None 12 402 1
0.4 20.0 73 retro500 6 10 0.975 None 12 402 1
0.4 20.0 89 instant 0 0 0.3857677902621723 6 2 421 1
0.4 20.0 89 retraso20 0 5 0.0 None None 421 1
0.4 20.0 89 retraso60 0 11 0.0 None None 421 1
0.4 20.0 89 burst300 0 2 0.30701754385964913 17 12 421 1
0.4 20.0 89 parasita5 0 10 0.9047619047619048 None 14 421 1
0.4 20.0 89 retro500 9 10 0.9805825242718447 None 14 421 1
0.4 20.0 97 instant 0 0 0.4099099099099099 11 1 361 1
0.4 20.0 97 retraso20 0 5 0.007575757575757576 0 21 361 1
0.4 20.0 97 retraso60 0 9 0.007575757575757576 0 None 361 1
0.4 20.0 97 burst300 0 2 0.2661290322580645 26 21 361 1
0.4 20.0 97 parasita5 0 9 0.9047619047619048 None 11 361 1
0.4 20.0 97 retro500 3 9 0.9607843137254902 None 11 361 1
0.4 20.0 101 instant 0 0 0.4015151515151515 4 1 424 1
0.4 20.0 101 retraso20 0 5 0.006329113924050633 0 25 424 1
0.4 20.0 101 retraso60 0 10 0.006329113924050633 0 25 424 1
0.4 20.0 101 burst300 0 2 0.15135135135135136 None None 424 1
0.4 20.0 101 parasita5 0 10 0.9047619047619048 None 19 424 1
0.4 20.0 101 retro500 11 11 0.9813084112149533 None 16 424 1
0.4 20.0 113 instant 0 0 0.5 None None 415 2
0.4 20.0 113 retraso20 0 5 0.0 None None 415 1
0.4 20.0 113 retraso60 0 11 0.0 None None 415 1
0.4 20.0 113 burst300 0 2 0.5 None None 415 2
0.4 20.0 113 parasita5 3 10 0.9574468085106383 None None 415 1
0.4 20.0 113 retro500 8 10 0.9772727272727273 None 17 415 1
0.4 20.0 127 instant 1 0 0.6666666666666666 None None 408 4
0.4 20.0 127 retraso20 0 5 0.0 None None 408 1
0.4 20.0 127 retraso60 0 10 0.0 None None 408 1
0.4 20.0 127 burst300 1 1 0.6666666666666666 None None 408 4
0.4 20.0 127 parasita5 0 10 0.9047619047619048 None 11 408 1
0.4 20.0 127 retro500 9 10 0.9813084112149533 None 11 408 1
