alpha delta seed k400 cob0 k200 k300 n
0.1 1.0 11 0 0.5950617283950618 0 0 406
0.1 1.0 23 0 0.5779376498800959 0 0 418
0.1 1.0 37 0 0.5761904761904761 0 0 421
0.1 1.0 41 0 0.6062992125984252 0 0 382
0.1 1.0 59 0 0.599476439790576 0 0 383
0.1 1.0 67 0 0.6024691358024692 0 0 406
0.1 1.0 73 0 0.5785536159600998 0 0 402
0.1 1.0 89 0 0.5571428571428572 0 0 421
0.1 1.0 97 0 0.6111111111111112 0 0 361
0.1 1.0 101 0 0.5673758865248227 0 0 424
0.1 1.0 113 0 0.5676328502415459 0 0 415
0.1 1.0 127 0 0.5872235872235873 0 0 408
0.1 4.0 11 2 0.345679012345679 2 2 406
0.1 4.0 23 2 0.31414868105515587 2 2 418
0.1 4.0 37 2 0.3261904761904762 2 2 421
0.1 4.0 41 1 0.3569553805774278 1 1 382
0.1 4.0 59 2 0.306282722513089 2 2 383
0.1 4.0 67 2 0.34074074074074073 1 2 406
0.1 4.0 73 2 0.32917705735660846 2 2 402
0.1 4.0 89 2 0.2976190476190476 2 2 421
0.1 4.0 97 2 0.33055555555555555 2 2 361
0.1 4.0 101 2 0.3073286052009456 2 2 424
0.1 4.0 113 2 0.30434782608695654 2 2 415
0.1 4.0 127 2 0.343980343980344 1 1 408
0.1 16.0 11 4 0.2345679012345679 3 3 406
0.1 16.0 23 5 0.21103117505995203 5 5 418
0.1 16.0 37 5 0.2119047619047619 5 4 421
0.1 16.0 41 3 0.24671916010498687 2 3 382
0.1 16.0 59 5 0.17801047120418848 6 6 383
0.1 16.0 67 4 0.2271604938271605 3 4 406
0.1 16.0 73 5 0.20947630922693267 5 5 402
0.1 16.0 89 6 0.17857142857142858 6 6 421
0.1 16.0 97 5 0.21666666666666667 4 4 361
0.1 16.0 101 5 0.19858156028368795 4 5 424
0.1 16.0 113 6 0.18357487922705315 5 5 415
0.1 16.0 127 4 0.23832923832923833 3 3 408
0.1 20.0 11 4 0.2345679012345679 3 3 406
0.1 20.0 23 5 0.2038369304556355 5 5 418
0.1 20.0 37 5 0.20238095238095238 5 4 421
0.1 20.0 41 3 0.24146981627296588 2 4 382
0.1 20.0 59 6 0.16753926701570682 7 6 383
0.1 20.0 67 4 0.21975308641975308 3 4 406
0.1 20.0 73 4 0.20199501246882792 5 5 402
0.1 20.0 89 6 0.1738095238095238 6 6 421
0.1 20.0 97 5 0.21388888888888888 5 5 361
0.1 20.0 101 5 0.18912529550827423 5 5 424
0.1 20.0 113 6 0.17149758454106281 5 6 415
0.1 20.0 127 4 0.2334152334152334 3 4 408
0.25 1.0 11 0 0.7012345679012346 0 0 406
0.25 1.0 23 0 0.6954436450839329 0 0 418
0.25 1.0 37 0 0.7309523809523809 0 0 421
0.25 1.0 41 0 0.7007874015748031 0 0 382
0.25 1.0 59 0 0.6963350785340314 0 0 383
0.25 1.0 67 0 0.725925925925926 0 0 406
0.25 1.0 73 0 0.6932668329177057 0 0 402
0.25 1.0 89 0 0.6928571428571428 0 0 421
0.25 1.0 97 0 0.7055555555555556 0 0 361
0.25 1.0 101 0 0.6879432624113475 0 0 424
0.25 1.0 113 0 0.6642512077294686 0 0 415
0.25 1.0 127 0 0.6953316953316954 0 0 408
0.25 4.0 11 0 0.5111111111111111 0 0 406
0.25 4.0 23 0 0.5035971223021583 1 0 418
0.25 4.0 37 0 0.5452380952380952 0 0 421
0.25 4.0 41 0 0.5249343832020997 0 0 382
0.25 4.0 59 0 0.5 0 1 383
0.25 4.0 67 0 0.5111111111111111 0 0 406
0.25 4.0 73 0 0.513715710723192 0 0 402
0.25 4.0 89 0 0.5142857142857142 0 0 421
0.25 4.0 97 0 0.5027777777777778 1 0 361
0.25 4.0 101 1 0.48699763593380613 0 1 424
0.25 4.0 113 1 0.45893719806763283 1 1 415
0.25 4.0 127 0 0.5184275184275184 0 0 408
0.25 16.0 11 1 0.44938271604938274 1 1 406
0.25 16.0 23 1 0.44844124700239807 1 1 418
0.25 16.0 37 1 0.47619047619047616 1 1 421
0.25 16.0 41 1 0.45144356955380577 0 1 382
0.25 16.0 59 1 0.4319371727748691 1 1 383
0.25 16.0 67 1 0.45185185185185184 1 1 406
0.25 16.0 73 1 0.4389027431421446 1 1 402
0.25 16.0 89 1 0.4595238095238095 1 1 421
0.25 16.0 97 1 0.4083333333333333 1 1 361
0.25 16.0 101 1 0.4231678486997636 1 1 424
0.25 16.0 113 1 0.39371980676328505 1 1 415
0.25 16.0 127 1 0.4520884520884521 0 1 408
0.25 20.0 11 1 0.4469135802469136 1 1 406
0.25 20.0 23 1 0.4460431654676259 1 1 418
0.25 20.0 37 1 0.47619047619047616 1 1 421
0.25 20.0 41 1 0.4461942257217848 0 1 382
0.25 20.0 59 1 0.4293193717277487 1 1 383
0.25 20.0 67 1 0.45185185185185184 1 1 406
0.25 20.0 73 1 0.4389027431421446 1 1 402
0.25 20.0 89 1 0.45714285714285713 1 1 421
0.25 20.0 97 1 0.40555555555555556 1 1 361
0.25 20.0 101 1 0.4231678486997636 1 1 424
0.25 20.0 113 1 0.3888888888888889 1 1 415
0.25 20.0 127 1 0.4520884520884521 0 1 408
0.33 1.0 11 0 0.762962962962963 0 0 406
0.33 1.0 23 0 0.7649880095923262 0 0 418
0.33 1.0 37 0 0.7666666666666667 0 0 421
0.33 1.0 41 0 0.7585301837270341 0 0 382
0.33 1.0 59 0 0.7670157068062827 0 0 383
0.33 1.0 67 0 0.762962962962963 0 0 406
0.33 1.0 73 0 0.7281795511221946 0 0 402
0.33 1.0 89 0 0.7380952380952381 0 0 421
0.33 1.0 97 0 0.7583333333333333 0 0 361
0.33 1.0 101 0 0.7281323877068558 0 0 424
0.33 1.0 113 0 0.7367149758454107 0 0 415
0.33 1.0 127 0 0.7641277641277642 0 0 408
0.33 4.0 11 0 0.6 0 0 406
0.33 4.0 23 0 0.60431654676259 0 0 418
0.33 4.0 37 0 0.6333333333333333 0 0 421
0.33 4.0 41 0 0.6115485564304461 0 0 382
0.33 4.0 59 0 0.599476439790576 0 0 383
0.33 4.0 67 0 0.5950617283950618 0 0 406
0.33 4.0 73 0 0.5685785536159601 0 0 402
0.33 4.0 89 0 0.5976190476190476 0 0 421
0.33 4.0 97 0 0.5888888888888889 0 0 361
0.33 4.0 101 0 0.5555555555555556 0 0 424
0.33 4.0 113 0 0.572463768115942 0 0 415
0.33 4.0 127 0 0.6191646191646192 0 0 408
0.33 16.0 11 0 0.562962962962963 0 0 406
0.33 16.0 23 0 0.5635491606714629 0 0 418
0.33 16.0 37 0 0.5952380952380952 0 0 421
0.33 16.0 41 0 0.5643044619422573 0 0 382
0.33 16.0 59 0 0.5497382198952879 0 0 383
0.33 16.0 67 0 0.5530864197530864 0 0 406
0.33 16.0 73 0 0.5211970074812967 0 0 402
0.33 16.0 89 0 0.5523809523809524 0 0 421
0.33 16.0 97 0 0.5277777777777778 0 0 361
0.33 16.0 101 0 0.5130023640661938 0 1 424
0.33 16.0 113 0 0.533816425120773 0 0 415
0.33 16.0 127 0 0.5724815724815725 0 0 408
0.33 20.0 11 0 0.562962962962963 0 0 406
0.33 20.0 23 0 0.5635491606714629 0 0 418
0.33 20.0 37 0 0.5952380952380952 0 0 421
0.33 20.0 41 0 0.5643044619422573 0 0 382
0.33 20.0 59 0 0.5497382198952879 0 0 383
0.33 20.0 67 0 0.5530864197530864 0 0 406
0.33 20.0 73 0 0.5211970074812967 0 0 402
0.33 20.0 89 0 0.5523809523809524 0 0 421
0.33 20.0 97 0 0.525 0 0 361
0.33 20.0 101 0 0.5130023640661938 0 1 424
0.33 20.0 113 0 0.5314009661835749 0 0 415
0.33 20.0 127 0 0.5724815724815725 0 0 408
0.4 1.0 11 0 0.7950617283950617 0 0 406
0.4 1.0 23 0 0.8009592326139089 0 0 418
0.4 1.0 37 0 0.8047619047619048 0 0 421
0.4 1.0 41 0 0.7979002624671916 0 0 382
0.4 1.0 59 0 0.7931937172774869 0 0 383
0.4 1.0 67 0 0.8049382716049382 0 0 406
0.4 1.0 73 0 0.7780548628428927 0 0 402
0.4 1.0 89 0 0.7761904761904762 0 0 421
0.4 1.0 97 0 0.7972222222222223 0 0 361
0.4 1.0 101 0 0.7848699763593381 0 0 424
0.4 1.0 113 0 0.7874396135265701 0 0 415
0.4 1.0 127 0 0.8157248157248157 0 0 408
0.4 4.0 11 0 0.6518518518518519 0 0 406
0.4 4.0 23 0 0.6666666666666666 0 0 418
0.4 4.0 37 0 0.6952380952380952 0 0 421
0.4 4.0 41 0 0.6692913385826772 0 0 382
0.4 4.0 59 0 0.6518324607329843 0 0 383
0.4 4.0 67 0 0.674074074074074 0 0 406
0.4 4.0 73 0 0.6433915211970075 0 0 402
0.4 4.0 89 0 0.6619047619047619 0 0 421
0.4 4.0 97 0 0.6611111111111111 0 0 361
0.4 4.0 101 0 0.6477541371158393 0 0 424
0.4 4.0 113 0 0.644927536231884 0 0 415
0.4 4.0 127 0 0.6953316953316954 0 0 408
0.4 16.0 11 0 0.6172839506172839 0 0 406
0.4 16.0 23 0 0.6426858513189448 0 0 418
0.4 16.0 37 0 0.6666666666666666 0 0 421
0.4 16.0 41 0 0.6404199475065617 0 0 382
0.4 16.0 59 0 0.612565445026178 0 0 383
0.4 16.0 67 0 0.6444444444444445 0 0 406
0.4 16.0 73 0 0.6034912718204489 0 0 402
0.4 16.0 89 0 0.6333333333333333 0 0 421
0.4 16.0 97 0 0.6138888888888889 0 0 361
0.4 16.0 101 0 0.6217494089834515 0 0 424
0.4 16.0 113 0 0.6135265700483091 0 0 415
0.4 16.0 127 0 0.6633906633906634 0 0 408
0.4 20.0 11 0 0.6172839506172839 0 0 406
0.4 20.0 23 0 0.6426858513189448 0 0 418
0.4 20.0 37 0 0.6666666666666666 0 0 421
0.4 20.0 41 0 0.6404199475065617 0 0 382
0.4 20.0 59 0 0.612565445026178 0 0 383
0.4 20.0 67 0 0.6444444444444445 0 0 406
0.4 20.0 73 0 0.6034912718204489 0 0 402
0.4 20.0 89 0 0.6333333333333333 0 0 421
0.4 20.0 97 0 0.6138888888888889 0 0 361
0.4 20.0 101 0 0.6217494089834515 0 0 424
0.4 20.0 113 0 0.6135265700483091 0 0 415
0.4 20.0 127 0 0.6633906633906634 0 0 408
