alpha delta seed estrategia visible n kv cap0 capb0 k_conf cap_ref k_hon t_conf_1e-06 t_conf_1e-12
0.25 16.0 11 instant 0 406 0 0 0 0 0 None 19.76941309764348 38.61764431337363
0.25 16.0 11 instant 1 389 0 0 0 0 0 0 19.76941309764348 38.61764431337363
0.25 16.0 11 retraso20 0 406 0 0 0 0 0 None 19.76941309764348 38.61764431337363
0.25 16.0 11 retraso20 1 387 0 1 1 7 0 7 34.772519261270986 38.61764431337363
0.25 16.0 11 retraso20_sp 0 406 6 1 1 12 0 12 48.34244438827258 48.34244438827258
0.25 16.0 11 retraso20_sp 1 387 6 1 1 8 0 8 35.564226755424556 38.61764431337363
0.25 16.0 11 retraso60_sp 0 406 1 1 1 8 0 8 35.564226755424556 38.61764431337363
0.25 16.0 11 retraso60_sp 1 379 1 0 0 1 0 1 19.76941309764348 38.61764431337363
0.25 16.0 23 instant 0 418 0 0 0 0 0 0 17.252297256402926 29.713296848992968
0.25 16.0 23 instant 1 400 1 0 0 1 0 1 17.252297256402926 29.713296848992968
0.25 16.0 23 retraso20 0 418 0 1 1 6 0 6 22.398257396155486 29.713296848992968
0.25 16.0 23 retraso20 1 400 0 1 1 7 0 7 25.484286127852215 29.713296848992968
0.25 16.0 23 retraso20_sp 0 418 6 0 0 22 0 22 87.63647214226751 87.63647214226751
0.25 16.0 23 retraso20_sp 1 400 4 1 1 26 0 26 97.3939582700034 97.3939582700034
0.25 16.0 23 retraso60_sp 0 418 0 0 0 15 0 15 51.872392603872186 51.872392603872186
0.25 16.0 23 retraso60_sp 1 388 0 0 0 15 0 15 51.872392603872186 51.872392603872186
0.25 16.0 37 instant 0 421 0 0 0 0 0 None 13.056659242171776 34.317555146215
0.25 16.0 37 instant 1 407 1 0 0 1 0 1 13.056659242171776 34.317555146215
0.25 16.0 37 retraso20 0 421 0 0 0 0 0 None 13.056659242171776 34.317555146215
0.25 16.0 37 retraso20 1 407 0 1 1 7 0 7 25.473645345197696 34.317555146215
0.25 16.0 37 retraso20_sp 0 421 0 1 1 17 0 17 74.59605412874973 74.59605412874973
0.25 16.0 37 retraso20_sp 1 407 3 1 1 17 0 17 74.59605412874973 74.59605412874973
0.25 16.0 37 retraso60_sp 0 421 1 1 1 21 0 21 88.77627510908863 88.77627510908863
0.25 16.0 37 retraso60_sp 1 393 13 0 0 13 0 13 55.561759239386134 55.561759239386134
0.25 16.0 41 instant 0 382 1 0 0 1 0 1 21.303169990873755 33.00467199786681
0.25 16.0 41 instant 1 373 0 0 0 0 0 0 21.303169990873755 33.00467199786681
0.25 16.0 41 retraso20 0 382 0 1 1 4 0 4 21.303169990873755 33.00467199786681
0.25 16.0 41 retraso20 1 372 0 1 1 6 0 6 26.169520196890517 33.00467199786681
0.25 16.0 41 retraso20_sp 0 382 0 0 0 16 0 16 59.577820865868176 59.577820865868176
0.25 16.0 41 retraso20_sp 1 372 2 0 0 16 0 16 59.577820865868176 59.577820865868176
0.25 16.0 41 retraso60_sp 0 382 0 1 1 7 0 7 29.454722274262537 33.00467199786681
0.25 16.0 41 retraso60_sp 1 362 2 0 0 2 0 2 21.303169990873755 33.00467199786681
0.25 16.0 59 instant 0 383 0 0 0 0 0 None 16.322967578171898 39.368517414179394
0.25 16.0 59 instant 1 371 0 0 0 8 0 8 37.96413324571796 39.368517414179394
0.25 16.0 59 retraso20 0 383 0 0 0 0 0 None 16.322967578171898 39.368517414179394
0.25 16.0 59 retraso20 1 370 0 1 1 10 0 16 46.467478184536475 46.467478184536475
0.25 16.0 59 retraso20_sp 0 383 3 1 0 39 0 39 174.82423014161537 174.82423014161537
0.25 16.0 59 retraso20_sp 1 370 4 1 1 30 0 30 122.66372378161049 122.66372378161049
0.25 16.0 59 retraso60_sp 0 383 14 1 1 None 0 None None None
0.25 16.0 59 retraso60_sp 1 360 5 0 0 11 0 11 48.032026105884825 48.032026105884825
0.25 16.0 67 instant 0 406 2 0 0 2 0 2 10.674035522602821 27.518535022152264
0.25 16.0 67 instant 1 392 0 0 0 0 0 0 10.674035522602821 27.518535022152264
0.25 16.0 67 retraso20 0 406 3 1 1 5 0 5 11.76139345588146 27.518535022152264
0.25 16.0 67 retraso20 1 391 1 1 1 2 0 2 10.674035522602821 27.518535022152264
0.25 16.0 67 retraso20_sp 0 406 6 0 0 6 0 6 16.690107319678532 27.518535022152264
0.25 16.0 67 retraso20_sp 1 391 5 0 0 6 0 6 16.690107319678532 27.518535022152264
0.25 16.0 67 retraso60_sp 0 406 3 1 1 30 0 30 95.29927781184188 95.29927781184188
0.25 16.0 67 retraso60_sp 1 383 1 0 0 11 0 11 36.870811989011486 36.870811989011486
0.25 16.0 73 instant 0 402 3 0 0 3 0 3 12.364626374579672 40.71660899484476
0.25 16.0 73 instant 1 388 0 0 0 0 0 0 12.364626374579672 40.71660899484476
0.25 16.0 73 retraso20 0 402 4 1 1 5 0 5 18.888508846564577 40.71660899484476
0.25 16.0 73 retraso20 1 387 0 1 1 25 0 25 118.26372648011099 118.26372648011099
0.25 16.0 73 retraso20_sp 0 402 1 0 0 16 0 16 70.33744987923549 70.33744987923549
0.25 16.0 73 retraso20_sp 1 387 6 0 0 16 0 16 70.33744987923549 70.33744987923549
0.25 16.0 73 retraso60_sp 0 402 0 0 0 2 0 2 12.364626374579672 40.71660899484476
0.25 16.0 73 retraso60_sp 1 377 1 0 0 2 0 2 12.364626374579672 40.71660899484476
0.25 16.0 89 instant 0 421 0 0 0 11 0 11 45.887250641793884 45.887250641793884
0.25 16.0 89 instant 1 402 4 0 0 4 0 4 23.028413000588074 42.466604483722136
0.25 16.0 89 retraso20 0 421 0 1 1 8 0 13 41.43144393583228 42.466604483722136
0.25 16.0 89 retraso20 1 402 0 1 1 5 0 5 26.55573723535852 42.466604483722136
0.25 16.0 89 retraso20_sp 0 421 1 1 1 20 0 20 75.47566195560395 75.47566195560395
0.25 16.0 89 retraso20_sp 1 402 4 0 0 4 0 4 23.028413000588074 42.466604483722136
0.25 16.0 89 retraso60_sp 0 421 1 1 1 None 0 None None None
0.25 16.0 89 retraso60_sp 1 390 0 0 0 18 0 18 66.336682233792 66.336682233792
0.25 16.0 97 instant 0 361 0 0 0 0 0 None 19.624975650385267 31.460365773713306
0.25 16.0 97 instant 1 337 1 0 0 1 0 1 19.624975650385267 31.460365773713306
0.25 16.0 97 retraso20 0 361 0 0 0 0 0 None 19.624975650385267 31.460365773713306
0.25 16.0 97 retraso20 1 337 0 1 1 5 0 5 21.64353458064471 31.460365773713306
0.25 16.0 97 retraso20_sp 0 361 9 1 1 11 0 11 43.62605073949089 43.62605073949089
0.25 16.0 97 retraso20_sp 1 337 2 1 1 6 0 6 23.372342333530867 31.460365773713306
0.25 16.0 97 retraso60_sp 0 361 9 1 0 15 0 15 59.915432864941266 59.915432864941266
0.25 16.0 97 retraso60_sp 1 330 2 0 0 2 0 2 19.624975650385267 31.460365773713306
0.25 16.0 101 instant 0 424 0 0 0 9 0 9 17.928170213806283 17.928170213806283
0.25 16.0 101 instant 1 411 0 0 0 0 0 None 9.685302888243456 17.67583941364859
0.25 16.0 101 retraso20 0 424 0 1 1 6 0 8 13.934922404950981 17.67583941364859
0.25 16.0 101 retraso20 1 409 0 1 1 3 0 3 9.685302888243456 17.67583941364859
0.25 16.0 101 retraso20_sp 0 424 0 1 1 8 0 8 17.07628608892506 17.67583941364859
0.25 16.0 101 retraso20_sp 1 409 0 0 0 3 0 3 9.685302888243456 17.67583941364859
0.25 16.0 101 retraso60_sp 0 424 0 1 1 21 0 21 50.22547711311509 50.22547711311509
0.25 16.0 101 retraso60_sp 1 397 0 0 0 21 0 21 50.22547711311509 50.22547711311509
0.25 16.0 113 instant 0 415 0 0 0 0 0 0 14.89562083535668 43.33430957786584
0.25 16.0 113 instant 1 402 1 0 0 1 0 1 14.89562083535668 43.33430957786584
0.25 16.0 113 retraso20 0 415 0 1 1 5 0 5 18.492880146373352 43.33430957786584
0.25 16.0 113 retraso20 1 402 1 1 1 2 0 2 14.89562083535668 43.33430957786584
0.25 16.0 113 retraso20_sp 0 415 0 0 0 2 0 2 14.89562083535668 43.33430957786584
0.25 16.0 113 retraso20_sp 1 402 5 1 0 7 0 7 34.51547472558647 43.33430957786584
0.25 16.0 113 retraso60_sp 0 415 1 0 0 24 0 24 93.67296577679113 93.67296577679113
0.25 16.0 113 retraso60_sp 1 397 5 0 0 24 0 24 93.67296577679113 93.67296577679113
0.25 16.0 127 instant 0 408 1 0 0 1 0 1 15.893558312076351 28.4273765912547
0.25 16.0 127 instant 1 393 0 0 0 9 0 9 29.976342927725796 29.976342927725796
0.25 16.0 127 retraso20 0 408 0 1 1 4 0 4 15.893558312076351 28.4273765912547
0.25 16.0 127 retraso20 1 392 0 1 1 4 0 4 15.893558312076351 28.4273765912547
0.25 16.0 127 retraso20_sp 0 408 0 0 0 0 0 0 15.893558312076351 28.4273765912547
0.25 16.0 127 retraso20_sp 1 392 4 1 1 6 0 6 22.88836447434548 28.4273765912547
0.25 16.0 127 retraso60_sp 0 408 2 0 0 25 0 25 90.61962537760621 90.61962537760621
0.25 16.0 127 retraso60_sp 1 384 3 0 0 17 0 17 55.73050666779926 55.73050666779926
0.25 20.0 11 instant 0 406 0 0 0 0 0 None 19.76941309764348 38.61764431337363
0.25 20.0 11 instant 1 387 0 0 0 0 0 None 19.76941309764348 38.61764431337363
0.25 20.0 11 retraso20 0 406 0 0 0 0 0 None 19.76941309764348 38.61764431337363
0.25 20.0 11 retraso20 1 385 0 1 1 4 0 4 19.76941309764348 38.61764431337363
0.25 20.0 11 retraso20_sp 0 406 6 0 0 12 0 12 48.34244438827258 48.34244438827258
0.25 20.0 11 retraso20_sp 1 385 9 0 0 9 0 9 41.18356762068737 41.18356762068737
0.25 20.0 11 retraso60_sp 0 406 19 1 1 22 0 22 110.04226733256485 110.04226733256485
0.25 20.0 11 retraso60_sp 1 377 12 0 0 12 0 12 48.34244438827258 48.34244438827258
0.25 20.0 23 instant 0 418 0 0 0 0 0 0 17.252297256402926 29.713296848992968
0.25 20.0 23 instant 1 397 0 0 0 0 0 None 17.252297256402926 29.713296848992968
0.25 20.0 23 retraso20 0 418 0 1 1 6 0 6 22.398257396155486 29.713296848992968
0.25 20.0 23 retraso20 1 397 0 0 0 0 0 None 17.252297256402926 29.713296848992968
0.25 20.0 23 retraso20_sp 0 418 0 1 1 16 0 16 56.76964486246402 56.76964486246402
0.25 20.0 23 retraso20_sp 1 397 0 1 1 None 0 None None None
0.25 20.0 23 retraso60_sp 0 418 0 0 0 20 0 20 81.27701857419532 81.27701857419532
0.25 20.0 23 retraso60_sp 1 385 0 0 0 20 0 20 81.27701857419532 81.27701857419532
0.25 20.0 37 instant 0 421 0 0 0 0 0 None 13.056659242171776 34.317555146215
0.25 20.0 37 instant 1 405 0 0 0 11 0 11 45.09087112135393 45.09087112135393
0.25 20.0 37 retraso20 0 421 0 0 0 0 0 None 13.056659242171776 34.317555146215
0.25 20.0 37 retraso20 1 405 0 1 1 8 0 9 31.051686505752087 34.317555146215
0.25 20.0 37 retraso20_sp 0 421 4 1 1 6 0 6 20.35688119990772 34.317555146215
0.25 20.0 37 retraso20_sp 1 405 10 1 1 37 0 37 156.03215368216414 156.03215368216414
0.25 20.0 37 retraso60_sp 0 421 8 1 1 21 0 21 88.77627510908863 88.77627510908863
0.25 20.0 37 retraso60_sp 1 391 18 0 0 18 0 18 80.8435820940721 80.8435820940721
0.25 20.0 41 instant 0 382 1 0 0 1 0 1 21.303169990873755 33.00467199786681
0.25 20.0 41 instant 1 368 0 0 0 0 0 None 21.303169990873755 33.00467199786681
0.25 20.0 41 retraso20 0 382 0 1 1 4 0 4 21.303169990873755 33.00467199786681
0.25 20.0 41 retraso20 1 368 0 0 0 0 0 None 21.303169990873755 33.00467199786681
0.25 20.0 41 retraso20_sp 0 382 3 0 0 3 0 3 21.303169990873755 33.00467199786681
0.25 20.0 41 retraso20_sp 1 368 0 0 0 7 0 7 29.454722274262537 33.00467199786681
0.25 20.0 41 retraso60_sp 0 382 0 0 0 None 0 None None None
0.25 20.0 41 retraso60_sp 1 358 0 0 0 23 0 23 78.61889750756066 78.61889750756066
0.25 20.0 59 instant 0 383 0 0 0 0 0 None 16.322967578171898 39.368517414179394
0.25 20.0 59 instant 1 368 2 0 0 2 0 2 16.322967578171898 39.368517414179394
0.25 20.0 59 retraso20 0 383 0 0 0 0 0 None 16.322967578171898 39.368517414179394
0.25 20.0 59 retraso20 1 368 0 1 1 11 0 15 48.032026105884825 48.032026105884825
0.25 20.0 59 retraso20_sp 0 383 4 1 1 38 0 38 172.2946251808815 172.2946251808815
0.25 20.0 59 retraso20_sp 1 368 0 1 1 17 0 17 68.97780986951489 68.97780986951489
0.25 20.0 59 retraso60_sp 0 383 0 1 1 None 0 None None None
0.25 20.0 59 retraso60_sp 1 358 0 0 0 36 0 36 157.61690132484028 157.61690132484028
0.25 20.0 67 instant 0 406 2 0 0 2 0 2 10.674035522602821 27.518535022152264
0.25 20.0 67 instant 1 388 0 0 0 0 0 None 10.674035522602821 27.518535022152264
0.25 20.0 67 retraso20 0 406 0 1 1 3 0 3 10.674035522602821 27.518535022152264
0.25 20.0 67 retraso20 1 388 0 0 0 0 0 None 10.674035522602821 27.518535022152264
0.25 20.0 67 retraso20_sp 0 406 4 0 0 9 0 9 29.35076704179312 29.35076704179312
0.25 20.0 67 retraso20_sp 1 388 2 1 1 4 0 4 10.674035522602821 27.518535022152264
0.25 20.0 67 retraso60_sp 0 406 0 0 0 29 0 29 90.55141847367668 90.55141847367668
0.25 20.0 67 retraso60_sp 1 380 0 0 0 29 0 29 90.55141847367668 90.55141847367668
0.25 20.0 73 instant 0 402 3 0 0 3 0 3 12.364626374579672 40.71660899484476
0.25 20.0 73 instant 1 386 0 1 1 2 0 7 12.364626374579672 40.71660899484476
0.25 20.0 73 retraso20 0 402 4 1 1 5 0 5 18.888508846564577 40.71660899484476
0.25 20.0 73 retraso20 1 385 0 1 1 21 0 23 99.43951601464343 99.43951601464343
0.25 20.0 73 retraso20_sp 0 402 1 0 0 15 0 15 66.75730623859269 66.75730623859269
0.25 20.0 73 retraso20_sp 1 385 9 0 0 15 0 15 66.75730623859269 66.75730623859269
0.25 20.0 73 retraso60_sp 0 402 6 0 0 6 0 6 25.21451761710776 40.71660899484476
0.25 20.0 73 retraso60_sp 1 375 14 0 0 17 0 17 78.85729712348993 78.85729712348993
0.25 20.0 89 instant 0 421 0 0 0 11 0 11 45.887250641793884 45.887250641793884
0.25 20.0 89 instant 1 400 3 0 0 3 0 3 23.028413000588074 42.466604483722136
0.25 20.0 89 retraso20 0 421 0 1 1 8 0 13 41.43144393583228 42.466604483722136
0.25 20.0 89 retraso20 1 400 0 1 1 9 0 13 42.477736191772806 42.477736191772806
0.25 20.0 89 retraso20_sp 0 421 0 1 1 18 0 18 66.336682233792 66.336682233792
0.25 20.0 89 retraso20_sp 1 400 0 1 1 18 0 18 66.336682233792 66.336682233792
0.25 20.0 89 retraso60_sp 0 421 0 0 0 31 0 31 112.88006838171256 112.88006838171256
0.25 20.0 89 retraso60_sp 1 388 0 0 0 18 0 18 66.336682233792 66.336682233792
0.25 20.0 97 instant 0 361 0 0 0 0 0 None 19.624975650385267 31.460365773713306
0.25 20.0 97 instant 1 333 0 0 0 0 0 None 19.624975650385267 31.460365773713306
0.25 20.0 97 retraso20 0 361 0 0 0 0 0 None 19.624975650385267 31.460365773713306
0.25 20.0 97 retraso20 1 333 0 0 0 0 0 None 19.624975650385267 31.460365773713306
0.25 20.0 97 retraso20_sp 0 361 10 1 1 16 0 16 63.40241856528499 63.40241856528499
0.25 20.0 97 retraso20_sp 1 333 4 1 1 5 0 5 21.64353458064471 31.460365773713306
0.25 20.0 97 retraso60_sp 0 361 3 1 1 40 0 40 180.18227534640076 180.18227534640076
0.25 20.0 97 retraso60_sp 1 326 1 0 0 5 0 5 21.64353458064471 31.460365773713306
0.25 20.0 101 instant 0 424 0 0 0 9 0 9 17.928170213806283 17.928170213806283
0.25 20.0 101 instant 1 408 2 0 0 2 0 2 9.685302888243456 17.67583941364859
0.25 20.0 101 retraso20 0 424 0 1 1 6 0 8 13.934922404950981 17.67583941364859
0.25 20.0 101 retraso20 1 408 0 1 1 4 0 4 9.685302888243456 17.67583941364859
0.25 20.0 101 retraso20_sp 0 424 1 0 0 15 0 15 42.059809827087065 42.059809827087065
0.25 20.0 101 retraso20_sp 1 408 1 0 0 12 0 12 30.37195577878242 30.37195577878242
0.25 20.0 101 retraso60_sp 0 424 0 0 0 None 0 None None None
0.25 20.0 101 retraso60_sp 1 396 0 0 0 None 0 None None None
0.25 20.0 113 instant 0 415 0 0 0 0 0 0 14.89562083535668 43.33430957786584
0.25 20.0 113 instant 1 399 0 0 0 13 0 13 52.99737730548094 52.99737730548094
0.25 20.0 113 retraso20 0 415 0 1 1 5 0 5 18.492880146373352 43.33430957786584
0.25 20.0 113 retraso20 1 399 0 1 1 1 0 1 14.89562083535668 43.33430957786584
0.25 20.0 113 retraso20_sp 0 415 5 0 0 5 0 5 18.492880146373352 43.33430957786584
0.25 20.0 113 retraso20_sp 1 399 0 1 1 35 0 35 126.22233455248394 126.22233455248394
0.25 20.0 113 retraso60_sp 0 415 3 1 1 13 0 13 52.99737730548094 52.99737730548094
0.25 20.0 113 retraso60_sp 1 394 4 0 0 4 0 4 14.89562083535668 43.33430957786584
0.25 20.0 127 instant 0 408 1 0 0 1 0 1 15.893558312076351 28.4273765912547
0.25 20.0 127 instant 1 392 0 0 0 0 0 None 15.893558312076351 28.4273765912547
0.25 20.0 127 retraso20 0 408 0 1 1 4 0 4 15.893558312076351 28.4273765912547
0.25 20.0 127 retraso20 1 391 0 1 1 4 0 4 15.893558312076351 28.4273765912547
0.25 20.0 127 retraso20_sp 0 408 0 1 1 None 0 None None None
0.25 20.0 127 retraso20_sp 1 391 0 1 1 12 0 12 43.13807729882052 43.13807729882052
0.25 20.0 127 retraso60_sp 0 408 0 0 0 None 0 None None None
0.25 20.0 127 retraso60_sp 1 383 0 0 0 None 0 None None None
0.4 16.0 11 instant 0 406 0 0 0 0 0 None 59.099515619864235 125.29118244982823
0.4 16.0 11 instant 1 390 0 0 0 0 0 None 59.099515619864235 125.29118244982823
0.4 16.0 11 retraso20 0 406 0 0 0 0 0 None 59.099515619864235 125.29118244982823
0.4 16.0 11 retraso20 1 387 0 1 1 8 0 8 59.099515619864235 125.29118244982823
0.4 16.0 11 retraso20_sp 0 406 3 1 1 22 0 22 121.2626593787457 125.29118244982823
0.4 16.0 11 retraso20_sp 1 387 0 0 0 1 0 1 59.099515619864235 125.29118244982823
0.4 16.0 11 retraso60_sp 0 406 0 1 1 None 0 None None None
0.4 16.0 11 retraso60_sp 1 367 2 0 0 5 0 5 59.099515619864235 125.29118244982823
0.4 16.0 23 instant 0 418 0 0 0 0 0 None 47.243453748490396 99.34141940982795
0.4 16.0 23 instant 1 400 1 0 0 1 0 1 47.243453748490396 99.34141940982795
0.4 16.0 23 retraso20 0 418 0 0 0 0 0 None 47.243453748490396 99.34141940982795
0.4 16.0 23 retraso20 1 400 0 1 1 7 0 7 47.243453748490396 99.34141940982795
0.4 16.0 23 retraso20_sp 0 418 4 1 1 23 0 23 99.34141940982795 99.34141940982795
0.4 16.0 23 retraso20_sp 1 400 4 0 0 5 0 5 47.243453748490396 99.34141940982795
0.4 16.0 23 retraso60_sp 0 418 1 1 1 None 0 None None None
0.4 16.0 23 retraso60_sp 1 385 0 0 0 2 0 2 47.243453748490396 99.34141940982795
0.4 16.0 37 instant 0 421 0 0 0 0 0 None 57.04433384510125 122.19573682090206
0.4 16.0 37 instant 1 408 0 0 0 0 0 None 57.04433384510125 122.19573682090206
0.4 16.0 37 retraso20 0 421 0 0 0 0 0 None 57.04433384510125 122.19573682090206
0.4 16.0 37 retraso20 1 405 0 1 1 11 0 11 57.04433384510125 122.19573682090206
0.4 16.0 37 retraso20_sp 0 421 4 0 0 13 0 17 65.21612205600238 122.19573682090206
0.4 16.0 37 retraso20_sp 1 405 0 1 1 12 0 12 58.010041677972396 122.19573682090206
0.4 16.0 37 retraso60_sp 0 421 1 1 1 None 0 None None None
0.4 16.0 37 retraso60_sp 1 383 3 0 0 15 0 15 85.28741586464909 122.19573682090206
0.4 16.0 41 instant 0 382 0 0 0 0 0 None 56.17272681671906 100.08920371471302
0.4 16.0 41 instant 1 373 0 0 0 0 0 0 56.17272681671906 100.08920371471302
0.4 16.0 41 retraso20 0 382 0 0 0 0 0 None 56.17272681671906 100.08920371471302
0.4 16.0 41 retraso20 1 371 0 1 1 8 0 8 56.17272681671906 100.08920371471302
0.4 16.0 41 retraso20_sp 0 382 0 1 1 19 0 19 81.55291385026939 100.08920371471302
0.4 16.0 41 retraso20_sp 1 371 1 0 0 11 0 11 56.17272681671906 100.08920371471302
0.4 16.0 41 retraso60_sp 0 382 14 1 1 17 0 17 75.31426215231912 100.08920371471302
0.4 16.0 41 retraso60_sp 1 357 4 0 0 4 0 4 56.17272681671906 100.08920371471302
0.4 16.0 59 instant 0 383 0 0 0 0 0 None 53.79643680119287 109.30663505253722
0.4 16.0 59 instant 1 371 0 0 0 0 0 None 53.79643680119287 109.30663505253722
0.4 16.0 59 retraso20 0 383 0 0 0 0 0 None 53.79643680119287 109.30663505253722
0.4 16.0 59 retraso20 1 369 0 1 1 15 0 16 70.36630635680774 109.30663505253722
0.4 16.0 59 retraso20_sp 0 383 0 1 1 25 0 25 119.85504698138709 119.85504698138709
0.4 16.0 59 retraso20_sp 1 369 0 1 1 22 0 22 106.64903453103051 109.30663505253722
0.4 16.0 59 retraso60_sp 0 383 0 1 1 None 0 None None None
0.4 16.0 59 retraso60_sp 1 351 0 0 0 16 0 16 73.68304999006182 109.30663505253722
0.4 16.0 67 instant 0 406 0 0 0 0 0 0 46.247832278240196 96.53348889682718
0.4 16.0 67 instant 1 392 0 0 0 0 0 None 46.247832278240196 96.53348889682718
0.4 16.0 67 retraso20 0 406 0 1 1 6 0 6 46.247832278240196 96.53348889682718
0.4 16.0 67 retraso20 1 390 0 1 1 3 0 3 46.247832278240196 96.53348889682718
0.4 16.0 67 retraso20_sp 0 406 1 1 1 22 0 22 93.91484767713229 96.53348889682718
0.4 16.0 67 retraso20_sp 1 390 4 0 0 4 0 4 46.247832278240196 96.53348889682718
0.4 16.0 67 retraso60_sp 0 406 0 1 1 24 0 24 99.94268206362403 99.94268206362403
0.4 16.0 67 retraso60_sp 1 377 1 0 0 7 0 7 46.247832278240196 96.53348889682718
0.4 16.0 73 instant 0 402 0 0 0 11 0 11 57.70601002726144 132.38270115167464
0.4 16.0 73 instant 1 388 0 0 0 0 0 0 57.70601002726144 132.38270115167464
0.4 16.0 73 retraso20 0 402 0 1 1 4 0 4 57.70601002726144 132.38270115167464
0.4 16.0 73 retraso20 1 387 0 1 1 8 0 8 57.70601002726144 132.38270115167464
0.4 16.0 73 retraso20_sp 0 402 1 1 1 8 0 8 57.70601002726144 132.38270115167464
0.4 16.0 73 retraso20_sp 1 387 7 0 0 8 0 8 57.70601002726144 132.38270115167464
0.4 16.0 73 retraso60_sp 0 402 0 1 1 16 0 16 90.86924242006651 132.38270115167464
0.4 16.0 73 retraso60_sp 1 369 0 0 0 4 0 4 57.70601002726144 132.38270115167464
0.4 16.0 89 instant 0 421 0 0 0 6 0 6 59.402513876859615 105.46009921941496
0.4 16.0 89 instant 1 402 0 0 0 6 0 6 59.402513876859615 105.46009921941496
0.4 16.0 89 retraso20 0 421 0 1 1 9 0 14 59.402513876859615 105.46009921941496
0.4 16.0 89 retraso20 1 401 0 1 1 5 0 5 59.402513876859615 105.46009921941496
0.4 16.0 89 retraso20_sp 0 421 0 1 1 19 0 19 88.24843411891734 105.46009921941496
0.4 16.0 89 retraso20_sp 1 401 1 0 0 14 0 14 65.87907319007147 105.46009921941496
0.4 16.0 89 retraso60_sp 0 421 5 1 1 12 0 12 59.473225812876166 105.46009921941496
0.4 16.0 89 retraso60_sp 1 386 3 0 0 4 0 4 59.402513876859615 105.46009921941496
0.4 16.0 97 instant 0 361 0 0 0 0 0 None 58.61660271830095 128.49745336924747
0.4 16.0 97 instant 1 337 0 0 0 0 0 None 58.61660271830095 128.49745336924747
0.4 16.0 97 retraso20 0 361 0 0 0 0 0 None 58.61660271830095 128.49745336924747
0.4 16.0 97 retraso20 1 335 0 1 1 4 0 4 58.61660271830095 128.49745336924747
0.4 16.0 97 retraso20_sp 0 361 5 1 1 35 0 35 185.44356815229355 185.44356815229355
0.4 16.0 97 retraso20_sp 1 335 4 0 0 14 0 14 73.15978461387664 128.49745336924747
0.4 16.0 97 retraso60_sp 0 361 4 1 1 10 0 10 58.61660271830095 128.49745336924747
0.4 16.0 97 retraso60_sp 1 322 2 0 0 4 0 4 58.61660271830095 128.49745336924747
0.4 16.0 101 instant 0 424 0 0 0 0 0 None 35.937567599580916 71.52828113458793
0.4 16.0 101 instant 1 412 0 0 0 0 0 None 35.937567599580916 71.52828113458793
0.4 16.0 101 retraso20 0 424 0 0 0 0 0 None 35.937567599580916 71.52828113458793
0.4 16.0 101 retraso20 1 409 0 1 1 5 0 5 35.937567599580916 71.52828113458793
0.4 16.0 101 retraso20_sp 0 424 0 1 1 23 0 23 71.52828113458793 71.52828113458793
0.4 16.0 101 retraso20_sp 1 409 0 0 0 11 0 11 35.937567599580916 71.52828113458793
0.4 16.0 101 retraso60_sp 0 424 1 1 1 20 0 20 62.66130314335942 71.52828113458793
0.4 16.0 101 retraso60_sp 1 394 6 0 0 18 0 18 54.78531958774866 71.52828113458793
0.4 16.0 113 instant 0 415 0 0 0 0 0 0 69.67280350850322 108.30676741932618
0.4 16.0 113 instant 1 402 1 0 0 1 0 1 69.67280350850322 108.30676741932618
0.4 16.0 113 retraso20 0 415 0 1 1 6 0 6 69.67280350850322 108.30676741932618
0.4 16.0 113 retraso20 1 402 1 1 1 3 0 3 69.67280350850322 108.30676741932618
0.4 16.0 113 retraso20_sp 0 415 3 0 0 4 0 4 69.67280350850322 108.30676741932618
0.4 16.0 113 retraso20_sp 1 402 5 1 0 5 0 5 69.67280350850322 108.30676741932618
0.4 16.0 113 retraso60_sp 0 415 9 1 1 None 0 None None None
0.4 16.0 113 retraso60_sp 1 390 5 0 0 11 0 11 69.67280350850322 108.30676741932618
0.4 16.0 127 instant 0 408 1 0 0 1 0 1 50.21599332606917 105.37327575874633
0.4 16.0 127 instant 1 393 0 0 0 5 0 5 50.21599332606917 105.37327575874633
0.4 16.0 127 retraso20 0 408 0 1 1 4 0 4 50.21599332606917 105.37327575874633
0.4 16.0 127 retraso20 1 392 0 1 1 5 0 5 50.21599332606917 105.37327575874633
0.4 16.0 127 retraso20_sp 0 408 0 0 0 0 0 0 50.21599332606917 105.37327575874633
0.4 16.0 127 retraso20_sp 1 392 0 0 0 14 0 14 60.425600935210525 105.37327575874633
0.4 16.0 127 retraso60_sp 0 408 8 1 1 17 0 17 81.86528232917402 105.37327575874633
0.4 16.0 127 retraso60_sp 1 380 2 0 0 9 0 9 50.21599332606917 105.37327575874633
0.4 20.0 11 instant 0 406 0 0 0 0 0 None 59.099515619864235 125.29118244982823
0.4 20.0 11 instant 1 387 0 0 0 0 0 None 59.099515619864235 125.29118244982823
0.4 20.0 11 retraso20 0 406 0 0 0 0 0 None 59.099515619864235 125.29118244982823
0.4 20.0 11 retraso20 1 385 0 0 0 0 0 None 59.099515619864235 125.29118244982823
0.4 20.0 11 retraso20_sp 0 406 1 1 1 13 0 13 63.83250461418976 125.29118244982823
0.4 20.0 11 retraso20_sp 1 385 3 1 1 17 0 17 99.67487369080766 125.29118244982823
0.4 20.0 11 retraso60_sp 0 406 12 1 0 12 0 12 59.6655450283983 125.29118244982823
0.4 20.0 11 retraso60_sp 1 365 1 0 0 6 0 6 59.099515619864235 125.29118244982823
0.4 20.0 23 instant 0 418 0 0 0 0 0 None 47.243453748490396 99.34141940982795
0.4 20.0 23 instant 1 397 0 0 0 0 0 None 47.243453748490396 99.34141940982795
0.4 20.0 23 retraso20 0 418 0 0 0 0 0 None 47.243453748490396 99.34141940982795
0.4 20.0 23 retraso20 1 397 0 0 0 0 0 None 47.243453748490396 99.34141940982795
0.4 20.0 23 retraso20_sp 0 418 0 1 1 20 0 20 90.8877044976087 99.34141940982795
0.4 20.0 23 retraso20_sp 1 397 0 1 1 3 0 3 47.243453748490396 99.34141940982795
0.4 20.0 23 retraso60_sp 0 418 9 1 1 14 0 14 58.448723846164796 99.34141940982795
0.4 20.0 23 retraso60_sp 1 382 4 0 0 6 0 6 47.243453748490396 99.34141940982795
0.4 20.0 37 instant 0 421 0 0 0 0 0 None 57.04433384510125 122.19573682090206
0.4 20.0 37 instant 1 408 0 0 0 0 0 None 57.04433384510125 122.19573682090206
0.4 20.0 37 retraso20 0 421 0 0 0 0 0 None 57.04433384510125 122.19573682090206
0.4 20.0 37 retraso20 1 405 0 1 1 11 0 11 57.04433384510125 122.19573682090206
0.4 20.0 37 retraso20_sp 0 421 0 1 1 17 0 17 87.06491439405809 122.19573682090206
0.4 20.0 37 retraso20_sp 1 405 4 0 0 11 0 11 57.04433384510125 122.19573682090206
0.4 20.0 37 retraso60_sp 0 421 7 1 1 33 0 33 159.4239940119052 159.4239940119052
0.4 20.0 37 retraso60_sp 1 383 6 0 0 8 0 8 57.04433384510125 122.19573682090206
0.4 20.0 41 instant 0 382 0 0 0 0 0 None 56.17272681671906 100.08920371471302
0.4 20.0 41 instant 1 368 0 0 0 0 0 None 56.17272681671906 100.08920371471302
0.4 20.0 41 retraso20 0 382 0 0 0 0 0 None 56.17272681671906 100.08920371471302
0.4 20.0 41 retraso20 1 368 0 0 0 0 0 None 56.17272681671906 100.08920371471302
0.4 20.0 41 retraso20_sp 0 382 0 1 1 9 0 9 56.17272681671906 100.08920371471302
0.4 20.0 41 retraso20_sp 1 368 0 1 1 13 0 13 59.577820865868176 100.08920371471302
0.4 20.0 41 retraso60_sp 0 382 0 1 1 15 0 15 67.02037045370051 100.08920371471302
0.4 20.0 41 retraso60_sp 1 354 3 0 0 15 0 15 67.02037045370051 100.08920371471302
0.4 20.0 59 instant 0 383 0 0 0 0 0 None 53.79643680119287 109.30663505253722
0.4 20.0 59 instant 1 368 0 0 0 6 0 6 53.79643680119287 109.30663505253722
0.4 20.0 59 retraso20 0 383 0 0 0 0 0 None 53.79643680119287 109.30663505253722
0.4 20.0 59 retraso20 1 368 0 1 1 15 0 15 70.36630635680774 109.30663505253722
0.4 20.0 59 retraso20_sp 0 383 0 1 1 15 0 15 70.36630635680774 109.30663505253722
0.4 20.0 59 retraso20_sp 1 368 0 1 1 18 0 18 88.99624749105072 109.30663505253722
0.4 20.0 59 retraso60_sp 0 383 0 1 1 31 0 31 172.2946251808815 172.2946251808815
0.4 20.0 59 retraso60_sp 1 350 0 0 0 7 0 7 53.79643680119287 109.30663505253722
0.4 20.0 67 instant 0 406 0 0 0 0 0 0 46.247832278240196 96.53348889682718
0.4 20.0 67 instant 1 388 0 0 0 0 0 None 46.247832278240196 96.53348889682718
0.4 20.0 67 retraso20 0 406 0 1 1 5 0 5 46.247832278240196 96.53348889682718
0.4 20.0 67 retraso20 1 388 0 0 0 0 0 None 46.247832278240196 96.53348889682718
0.4 20.0 67 retraso20_sp 0 406 3 0 0 3 0 3 46.247832278240196 96.53348889682718
0.4 20.0 67 retraso20_sp 1 388 4 1 0 6 0 6 46.247832278240196 96.53348889682718
0.4 20.0 67 retraso60_sp 0 406 0 0 0 16 0 16 61.606089457877715 96.53348889682718
0.4 20.0 67 retraso60_sp 1 375 4 0 0 4 0 4 46.247832278240196 96.53348889682718
0.4 20.0 73 instant 0 402 0 0 0 11 0 11 57.70601002726144 132.38270115167464
0.4 20.0 73 instant 1 386 0 0 0 0 0 None 57.70601002726144 132.38270115167464
0.4 20.0 73 retraso20 0 402 0 1 1 4 0 4 57.70601002726144 132.38270115167464
0.4 20.0 73 retraso20 1 385 0 1 1 9 0 9 57.70601002726144 132.38270115167464
0.4 20.0 73 retraso20_sp 0 402 2 1 1 19 0 19 108.47175416658988 132.38270115167464
0.4 20.0 73 retraso20_sp 1 385 11 1 1 12 0 12 58.31049562695003 132.38270115167464
0.4 20.0 73 retraso60_sp 0 402 6 1 0 6 0 6 57.70601002726144 132.38270115167464
0.4 20.0 73 retraso60_sp 1 367 0 0 0 16 0 16 90.86924242006651 132.38270115167464
0.4 20.0 89 instant 0 421 0 0 0 6 0 6 59.402513876859615 105.46009921941496
0.4 20.0 89 instant 1 401 0 0 0 0 0 None 59.402513876859615 105.46009921941496
0.4 20.0 89 retraso20 0 421 0 1 1 9 0 14 59.402513876859615 105.46009921941496
0.4 20.0 89 retraso20 1 400 0 1 1 5 0 5 59.402513876859615 105.46009921941496
0.4 20.0 89 retraso20_sp 0 421 0 1 1 15 0 15 69.38995887214898 105.46009921941496
0.4 20.0 89 retraso20_sp 1 400 4 0 0 4 0 4 59.402513876859615 105.46009921941496
0.4 20.0 89 retraso60_sp 0 421 1 1 1 None 0 None None None
0.4 20.0 89 retraso60_sp 1 385 5 0 0 11 0 11 59.402513876859615 105.46009921941496
0.4 20.0 97 instant 0 361 0 0 0 0 0 None 58.61660271830095 128.49745336924747
0.4 20.0 97 instant 1 333 0 0 0 0 0 None 58.61660271830095 128.49745336924747
0.4 20.0 97 retraso20 0 361 0 0 0 0 0 None 58.61660271830095 128.49745336924747
0.4 20.0 97 retraso20 1 333 0 0 0 0 0 None 58.61660271830095 128.49745336924747
0.4 20.0 97 retraso20_sp 0 361 9 1 0 34 0 34 184.4330056349611 184.4330056349611
0.4 20.0 97 retraso20_sp 1 333 4 1 1 17 0 17 94.5527275643492 128.49745336924747
0.4 20.0 97 retraso60_sp 0 361 16 0 0 16 0 16 90.49194089236391 128.49745336924747
0.4 20.0 97 retraso60_sp 1 320 3 0 0 4 0 4 58.61660271830095 128.49745336924747
0.4 20.0 101 instant 0 424 0 0 0 0 0 None 35.937567599580916 71.52828113458793
0.4 20.0 101 instant 1 408 0 0 0 0 0 0 35.937567599580916 71.52828113458793
0.4 20.0 101 retraso20 0 424 0 0 0 0 0 None 35.937567599580916 71.52828113458793
0.4 20.0 101 retraso20 1 408 0 1 1 6 0 6 35.937567599580916 71.52828113458793
0.4 20.0 101 retraso20_sp 0 424 0 1 1 27 0 27 92.21306360739436 92.21306360739436
0.4 20.0 101 retraso20_sp 1 408 10 0 0 10 0 10 35.937567599580916 71.52828113458793
0.4 20.0 101 retraso60_sp 0 424 7 0 0 7 0 7 35.937567599580916 71.52828113458793
0.4 20.0 101 retraso60_sp 1 393 1 0 0 1 0 1 35.937567599580916 71.52828113458793
0.4 20.0 113 instant 0 415 0 0 0 0 0 0 69.67280350850322 108.30676741932618
0.4 20.0 113 instant 1 399 0 0 0 6 0 6 69.67280350850322 108.30676741932618
0.4 20.0 113 retraso20 0 415 0 1 1 6 0 6 69.67280350850322 108.30676741932618
0.4 20.0 113 retraso20 1 399 0 1 1 1 0 1 69.67280350850322 108.30676741932618
0.4 20.0 113 retraso20_sp 0 415 4 1 0 14 0 14 74.4362091024536 108.30676741932618
0.4 20.0 113 retraso20_sp 1 399 0 1 1 5 0 5 69.67280350850322 108.30676741932618
0.4 20.0 113 retraso60_sp 0 415 0 0 0 7 0 7 69.67280350850322 108.30676741932618
0.4 20.0 113 retraso60_sp 1 387 0 0 0 12 0 12 71.00989793134008 108.30676741932618
0.4 20.0 127 instant 0 408 1 0 0 1 0 1 50.21599332606917 105.37327575874633
0.4 20.0 127 instant 1 392 0 0 0 0 0 None 50.21599332606917 105.37327575874633
0.4 20.0 127 retraso20 0 408 0 1 1 4 0 4 50.21599332606917 105.37327575874633
0.4 20.0 127 retraso20 1 391 0 1 1 6 0 6 50.21599332606917 105.37327575874633
0.4 20.0 127 retraso20_sp 0 408 0 1 1 14 0 14 60.425600935210525 105.37327575874633
0.4 20.0 127 retraso20_sp 1 391 0 1 1 36 0 36 158.19238231770163 158.19238231770163
0.4 20.0 127 retraso60_sp 0 408 3 0 0 17 0 17 81.86528232917402 105.37327575874633
0.4 20.0 127 retraso60_sp 1 379 4 0 0 17 0 17 81.86528232917402 105.37327575874633
0.33 16.0 11 instant 1 389 0 0 0 0 0 0 35.564226755424556 60.01658698968379
0.33 16.0 11 retraso20 1 387 0 1 1 7 0 7 37.897237714303344 60.01658698968379
0.33 16.0 11 retraso20_sp 1 387 6 0 0 16 0 16 69.45008748533292 69.45008748533292
0.33 16.0 11 retraso60_sp 1 371 0 0 0 5 0 5 35.564226755424556 60.01658698968379
0.33 16.0 23 instant 1 400 1 0 0 1 0 1 23.74914337631165 50.565112637064914
0.33 16.0 23 retraso20 1 400 0 1 1 7 0 7 25.938260258935912 50.565112637064914
0.33 16.0 23 retraso20_sp 1 400 6 0 0 11 0 11 39.682830547558865 50.565112637064914
0.33 16.0 23 retraso60_sp 1 385 3 0 0 3 0 3 23.74914337631165 50.565112637064914
0.33 16.0 37 instant 1 407 0 0 0 0 0 None 31.051686505752087 59.06909972505045
0.33 16.0 37 retraso20 1 406 0 1 1 11 0 11 50.50193270181836 59.06909972505045
0.33 16.0 37 retraso20_sp 1 406 0 1 1 7 0 7 32.39899148642061 59.06909972505045
0.33 16.0 37 retraso60_sp 1 388 0 0 0 12 0 12 55.957152349818585 59.06909972505045
0.33 16.0 41 instant 1 373 0 0 0 0 0 0 29.454722274262537 56.082758954139905
0.33 16.0 41 retraso20 1 372 0 1 1 8 0 8 32.533250874640174 56.082758954139905
0.33 16.0 41 retraso20_sp 1 372 4 1 1 14 0 14 56.74266430930268 56.74266430930268
0.33 16.0 41 retraso60_sp 1 359 1 0 0 3 0 3 29.454722274262537 56.082758954139905
0.33 16.0 59 instant 1 371 0 0 0 8 0 8 40.88193234292939 62.76967596576816
0.33 16.0 59 retraso20 1 370 0 1 1 13 0 15 60.7311436262417 62.76967596576816
0.33 16.0 59 retraso20_sp 1 370 10 1 1 14 0 14 64.82328758280192 64.82328758280192
0.33 16.0 59 retraso60_sp 1 354 1 0 0 3 0 3 30.457992811534552 62.76967596576816
0.33 16.0 67 instant 1 392 0 0 0 0 0 None 27.518535022152264 47.632262412949785
0.33 16.0 67 retraso20 1 390 0 1 1 2 0 2 27.518535022152264 47.632262412949785
0.33 16.0 67 retraso20_sp 1 390 2 0 0 6 0 6 27.518535022152264 47.632262412949785
0.33 16.0 67 retraso60_sp 1 380 1 0 0 5 0 5 27.518535022152264 47.632262412949785
0.33 16.0 73 instant 1 388 0 0 0 0 0 0 32.481808434859005 58.31049562695003
0.33 16.0 73 retraso20 1 387 0 1 1 5 0 5 32.481808434859005 58.31049562695003
0.33 16.0 73 retraso20_sp 1 387 1 0 0 7 0 7 32.64758772373082 58.31049562695003
0.33 16.0 73 retraso60_sp 1 373 4 0 0 10 0 10 47.08008311191088 58.31049562695003
0.33 16.0 89 instant 1 402 0 0 0 6 0 6 38.677479065510084 56.89163168731355
0.33 16.0 89 retraso20 1 401 0 1 1 5 0 5 38.677479065510084 56.89163168731355
0.33 16.0 89 retraso20_sp 1 401 4 0 0 7 0 7 39.2439226886394 56.89163168731355
0.33 16.0 89 retraso60_sp 1 388 0 0 0 25 0 25 94.2480410333105 94.2480410333105
0.33 16.0 97 instant 1 337 0 0 0 0 0 None 28.99136478521126 58.93144949256168
0.33 16.0 97 retraso20 1 336 0 1 1 3 0 3 28.99136478521126 58.93144949256168
0.33 16.0 97 retraso20_sp 1 336 3 0 0 12 0 12 55.84564898625791 58.93144949256168
0.33 16.0 97 retraso60_sp 1 326 6 0 0 6 0 6 28.99136478521126 58.93144949256168
0.33 16.0 101 instant 1 411 0 0 0 0 0 None 15.191376563997835 36.21984720711967
0.33 16.0 101 retraso20 1 409 0 1 1 5 0 5 15.191376563997835 36.21984720711967
0.33 16.0 101 retraso20_sp 1 409 0 0 0 8 0 8 17.085754934084974 36.21984720711967
0.33 16.0 101 retraso60_sp 1 395 3 0 0 8 0 8 17.085754934084974 36.21984720711967
0.33 16.0 113 instant 1 402 1 0 0 1 0 1 34.51547472558647 68.41111886986627
0.33 16.0 113 retraso20 1 402 1 1 1 2 0 2 34.51547472558647 68.41111886986627
0.33 16.0 113 retraso20_sp 1 402 1 0 0 1 0 1 34.51547472558647 68.41111886986627
0.33 16.0 113 retraso60_sp 1 393 7 0 0 7 0 7 34.53448200286505 68.41111886986627
0.33 16.0 127 instant 1 393 0 0 0 5 0 5 27.814443904338617 53.110203683959924
0.33 16.0 127 retraso20 1 392 0 1 1 5 0 5 27.814443904338617 53.110203683959924
0.33 16.0 127 retraso20_sp 1 392 2 0 0 8 0 8 30.372774342073086 53.110203683959924
0.33 16.0 127 retraso60_sp 1 382 3 0 0 8 0 8 30.372774342073086 53.110203683959924
0.33 20.0 11 instant 1 387 0 0 0 0 0 None 35.564226755424556 60.01658698968379
0.33 20.0 11 retraso20 1 385 0 0 0 0 0 None 35.564226755424556 60.01658698968379
0.33 20.0 11 retraso20_sp 1 385 1 1 1 13 0 13 59.6655450283983 60.01658698968379
0.33 20.0 11 retraso60_sp 1 369 6 0 0 7 0 7 37.897237714303344 60.01658698968379
0.33 20.0 23 instant 1 397 0 0 0 0 0 None 23.74914337631165 50.565112637064914
0.33 20.0 23 retraso20 1 397 0 0 0 0 0 None 23.74914337631165 50.565112637064914
0.33 20.0 23 retraso20_sp 1 397 0 1 1 3 0 3 23.74914337631165 50.565112637064914
0.33 20.0 23 retraso60_sp 1 382 0 0 0 8 0 8 27.943697139411228 50.565112637064914
0.33 20.0 37 instant 1 405 0 0 0 11 0 11 50.50193270181836 59.06909972505045
0.33 20.0 37 retraso20 1 405 0 1 1 10 0 10 46.73748558152025 59.06909972505045
0.33 20.0 37 retraso20_sp 1 405 0 0 0 7 0 7 32.39899148642061 59.06909972505045
0.33 20.0 37 retraso60_sp 1 387 14 0 0 14 0 14 65.21612205600238 65.21612205600238
0.33 20.0 41 instant 1 368 0 0 0 0 0 None 29.454722274262537 56.082758954139905
0.33 20.0 41 retraso20 1 368 0 0 0 0 0 None 29.454722274262537 56.082758954139905
0.33 20.0 41 retraso20_sp 1 368 0 1 1 9 0 9 34.95124210570273 56.082758954139905
0.33 20.0 41 retraso60_sp 1 355 0 0 0 3 0 3 29.454722274262537 56.082758954139905
0.33 20.0 59 instant 1 368 0 0 0 8 0 8 40.88193234292939 62.76967596576816
0.33 20.0 59 retraso20 1 368 0 1 1 13 0 13 60.7311436262417 62.76967596576816
0.33 20.0 59 retraso20_sp 1 368 0 1 1 16 0 16 71.55243642109377 71.55243642109377
0.33 20.0 59 retraso60_sp 1 352 2 0 0 2 0 2 30.457992811534552 62.76967596576816
0.33 20.0 67 instant 1 388 0 0 0 0 0 None 27.518535022152264 47.632262412949785
0.33 20.0 67 retraso20 1 388 0 0 0 0 0 None 27.518535022152264 47.632262412949785
0.33 20.0 67 retraso20_sp 1 388 0 1 1 2 0 2 27.518535022152264 47.632262412949785
0.33 20.0 67 retraso60_sp 1 378 3 0 0 16 0 16 55.43640277781162 55.43640277781162
0.33 20.0 73 instant 1 386 0 0 0 0 0 None 32.481808434859005 58.31049562695003
0.33 20.0 73 retraso20 1 385 0 1 1 6 0 6 32.481808434859005 58.31049562695003
0.33 20.0 73 retraso20_sp 1 385 7 0 0 16 0 16 78.85729712348993 78.85729712348993
0.33 20.0 73 retraso60_sp 1 371 11 0 0 15 0 15 68.27808417892734 68.27808417892734
0.33 20.0 89 instant 1 401 0 0 0 0 0 None 38.677479065510084 56.89163168731355
0.33 20.0 89 retraso20 1 400 0 1 1 5 0 5 38.677479065510084 56.89163168731355
0.33 20.0 89 retraso20_sp 1 400 0 1 1 18 0 18 71.92914650980205 71.92914650980205
0.33 20.0 89 retraso60_sp 1 387 0 0 0 20 0 20 77.67932139491481 77.67932139491481
0.33 20.0 97 instant 1 333 0 0 0 0 0 None 28.99136478521126 58.93144949256168
0.33 20.0 97 retraso20 1 333 0 0 0 0 0 None 28.99136478521126 58.93144949256168
0.33 20.0 97 retraso20_sp 1 333 3 1 1 8 0 8 35.16837026326891 58.93144949256168
0.33 20.0 97 retraso60_sp 1 323 1 0 0 13 0 13 58.64297713316142 58.93144949256168
0.33 20.0 101 instant 1 408 0 0 0 0 0 0 15.191376563997835 36.21984720711967
0.33 20.0 101 retraso20 1 408 0 1 1 6 0 6 15.191376563997835 36.21984720711967
0.33 20.0 101 retraso20_sp 1 408 1 0 0 12 0 12 32.22826457683675 36.21984720711967
0.33 20.0 101 retraso60_sp 1 394 0 0 0 10 0 10 19.761230496617088 36.21984720711967
0.33 20.0 113 instant 1 399 0 0 0 7 0 7 34.53448200286505 68.41111886986627
0.33 20.0 113 retraso20 1 399 0 1 1 1 0 1 34.51547472558647 68.41111886986627
0.33 20.0 113 retraso20_sp 1 399 0 0 0 12 0 12 54.79217940647854 68.41111886986627
0.33 20.0 113 retraso60_sp 1 390 5 0 0 21 0 21 93.67296577679113 93.67296577679113
0.33 20.0 127 instant 1 392 0 0 0 0 0 None 27.814443904338617 53.110203683959924
0.33 20.0 127 retraso20 1 391 0 1 1 6 0 6 27.814443904338617 53.110203683959924
0.33 20.0 127 retraso20_sp 1 391 9 1 1 12 0 12 49.16979182636442 53.110203683959924
0.33 20.0 127 retraso60_sp 1 381 2 0 0 14 0 14 55.73050666779926 55.73050666779926
