delta seed estrategia k_conf k_hon k_fiel gan_att cap_ref t_base m1e-06 t_conf1e-06 t_hon1e-06 t_fiel1e-06 suelo_conf1e-06 suelo_hon1e-06 m1e-12 t_conf1e-12 t_hon1e-12 t_fiel1e-12 suelo_conf1e-12 suelo_hon1e-12
16.0 11 instant 0 0 0 0 0 152.45201244532626 20 35.564226755424556 35.564226755424556 35.564226755424556 29.85074626865672 29.85074626865672 40 60.01658698968379 60.01658698968379 60.01658698968379 59.70149253731344 59.70149253731344 
16.0 11 retraso20_sp 16 16 6 0 0 152.45201244532626 20 69.45008748533292 69.45008748533292 35.564226755424556 71.64179104477613 71.64179104477613 40 69.45008748533292 69.45008748533292 60.01658698968379 71.64179104477613 71.64179104477613 
16.0 11 retraso60_sp 5 5 0 0 0 152.45201244532626 20 35.564226755424556 35.564226755424556 35.564226755424556 29.85074626865672 29.85074626865672 40 60.01658698968379 60.01658698968379 60.01658698968379 59.70149253731344 59.70149253731344 
16.0 23 instant 1 1 1 0 0 122.4434088860828 20 23.74914337631165 23.74914337631165 23.74914337631165 29.85074626865672 29.85074626865672 40 50.565112637064914 50.565112637064914 50.565112637064914 59.70149253731344 59.70149253731344 
16.0 23 retraso20_sp 11 11 11 0 0 122.4434088860828 20 39.682830547558865 39.682830547558865 39.682830547558865 49.25373134328359 49.25373134328359 40 50.565112637064914 50.565112637064914 50.565112637064914 59.70149253731344 59.70149253731344 
16.0 23 retraso60_sp 3 3 3 0 0 122.4434088860828 20 23.74914337631165 23.74914337631165 23.74914337631165 29.85074626865672 29.85074626865672 40 50.565112637064914 50.565112637064914 50.565112637064914 59.70149253731344 59.70149253731344 
16.0 37 instant 0 None None 1 0 142.28066195408334 20 31.051686505752087 None None 29.85074626865672 None 40 59.06909972505045 None None 59.70149253731344 None 
16.0 37 retraso20_sp 7 7 0 1 0 142.28066195408334 20 32.39899148642061 32.39899148642061 31.051686505752087 31.343283582089555 31.343283582089555 40 59.06909972505045 59.06909972505045 59.06909972505045 59.70149253731344 59.70149253731344 
16.0 37 retraso60_sp 12 12 0 0 0 142.28066195408334 20 55.957152349818585 55.957152349818585 31.051686505752087 53.73134328358209 53.73134328358209 40 59.06909972505045 59.06909972505045 59.06909972505045 59.70149253731344 59.70149253731344 
16.0 41 instant 0 0 0 0 0 118.90766816349353 20 29.454722274262537 29.454722274262537 29.454722274262537 29.85074626865672 29.85074626865672 40 56.082758954139905 56.082758954139905 56.082758954139905 59.70149253731344 59.70149253731344 
16.0 41 retraso20_sp 14 14 6 0 0 118.90766816349353 20 56.74266430930268 56.74266430930268 29.454722274262537 62.68656716417911 62.68656716417911 40 56.74266430930268 56.74266430930268 56.082758954139905 62.68656716417911 62.68656716417911 
16.0 41 retraso60_sp 3 3 1 0 0 118.90766816349353 20 29.454722274262537 29.454722274262537 29.454722274262537 29.85074626865672 29.85074626865672 40 56.082758954139905 56.082758954139905 56.082758954139905 59.70149253731344 59.70149253731344 
16.0 59 instant 8 8 0 0 0 144.75849392551623 20 40.88193234292939 40.88193234292939 30.457992811534552 35.820895522388064 35.820895522388064 40 62.76967596576816 62.76967596576816 62.76967596576816 59.70149253731344 59.70149253731344 
16.0 59 retraso20_sp 14 14 14 0 0 144.75849392551623 20 64.82328758280192 64.82328758280192 64.82328758280192 62.68656716417911 62.68656716417911 40 64.82328758280192 64.82328758280192 64.82328758280192 62.68656716417911 62.68656716417911 
16.0 59 retraso60_sp 3 3 1 0 0 144.75849392551623 20 30.457992811534552 30.457992811534552 30.457992811534552 29.85074626865672 29.85074626865672 40 62.76967596576816 62.76967596576816 62.76967596576816 59.70149253731344 59.70149253731344 
16.0 67 instant 0 None None 1 0 114.7819093920944 20 27.518535022152264 None None 29.85074626865672 None 40 47.632262412949785 None None 59.70149253731344 None 
16.0 67 retraso20_sp 6 6 5 0 0 114.7819093920944 20 27.518535022152264 27.518535022152264 27.518535022152264 29.85074626865672 29.85074626865672 40 47.632262412949785 47.632262412949785 47.632262412949785 59.70149253731344 59.70149253731344 
16.0 67 retraso60_sp 5 5 1 0 0 114.7819093920944 20 27.518535022152264 27.518535022152264 27.518535022152264 29.85074626865672 29.85074626865672 40 47.632262412949785 47.632262412949785 47.632262412949785 59.70149253731344 59.70149253731344 
16.0 73 instant 0 0 0 0 0 160.2686118292414 20 32.481808434859005 32.481808434859005 32.481808434859005 29.85074626865672 29.85074626865672 40 58.31049562695003 58.31049562695003 58.31049562695003 59.70149253731344 59.70149253731344 
16.0 73 retraso20_sp 7 7 1 0 0 160.2686118292414 20 32.64758772373082 32.64758772373082 32.481808434859005 31.343283582089555 31.343283582089555 40 58.31049562695003 58.31049562695003 58.31049562695003 59.70149253731344 59.70149253731344 
16.0 73 retraso60_sp 10 10 10 0 0 160.2686118292414 20 47.08008311191088 47.08008311191088 47.08008311191088 44.77611940298508 44.77611940298508 40 58.31049562695003 58.31049562695003 58.31049562695003 59.70149253731344 59.70149253731344 
16.0 89 instant 6 6 0 0 0 122.09132032120462 20 38.677479065510084 38.677479065510084 38.677479065510084 29.85074626865672 29.85074626865672 40 56.89163168731355 56.89163168731355 56.89163168731355 59.70149253731344 59.70149253731344 
16.0 89 retraso20_sp 7 7 4 0 0 122.09132032120462 20 39.2439226886394 39.2439226886394 38.677479065510084 31.343283582089555 31.343283582089555 40 56.89163168731355 56.89163168731355 56.89163168731355 59.70149253731344 59.70149253731344 
16.0 89 retraso60_sp 25 25 0 0 0 122.09132032120462 20 94.2480410333105 94.2480410333105 38.677479065510084 111.9402985074627 111.9402985074627 40 94.2480410333105 94.2480410333105 56.89163168731355 111.9402985074627 111.9402985074627 
16.0 97 instant 0 None None 1 0 155.96086496171637 20 28.99136478521126 None None 29.85074626865672 None 40 58.93144949256168 None None 59.70149253731344 None 
16.0 97 retraso20_sp 12 12 3 0 0 155.96086496171637 20 55.84564898625791 55.84564898625791 28.99136478521126 53.73134328358209 53.73134328358209 40 58.93144949256168 58.93144949256168 58.93144949256168 59.70149253731344 59.70149253731344 
16.0 97 retraso60_sp 6 6 6 0 0 155.96086496171637 20 28.99136478521126 28.99136478521126 28.99136478521126 29.85074626865672 29.85074626865672 40 58.93144949256168 58.93144949256168 58.93144949256168 59.70149253731344 59.70149253731344 
16.0 101 instant 0 None None 1 0 84.27149651425088 20 15.191376563997835 None None 29.85074626865672 None 40 36.21984720711967 None None 59.70149253731344 None 
16.0 101 retraso20_sp 8 8 0 0 0 84.27149651425088 20 17.085754934084974 17.085754934084974 15.191376563997835 35.820895522388064 35.820895522388064 40 36.21984720711967 36.21984720711967 36.21984720711967 59.70149253731344 59.70149253731344 
16.0 101 retraso60_sp 8 8 3 0 0 84.27149651425088 20 17.085754934084974 17.085754934084974 15.191376563997835 35.820895522388064 35.820895522388064 40 36.21984720711967 36.21984720711967 36.21984720711967 59.70149253731344 59.70149253731344 
16.0 113 instant 1 1 1 0 0 124.5663878604777 20 34.51547472558647 34.51547472558647 34.51547472558647 29.85074626865672 29.85074626865672 40 68.41111886986627 68.41111886986627 68.41111886986627 59.70149253731344 59.70149253731344 
16.0 113 retraso20_sp 1 1 1 0 0 124.5663878604777 20 34.51547472558647 34.51547472558647 34.51547472558647 29.85074626865672 29.85074626865672 40 68.41111886986627 68.41111886986627 68.41111886986627 59.70149253731344 59.70149253731344 
16.0 113 retraso60_sp 7 7 7 0 0 124.5663878604777 20 34.53448200286505 34.53448200286505 34.53448200286505 31.343283582089555 31.343283582089555 40 68.41111886986627 68.41111886986627 68.41111886986627 59.70149253731344 59.70149253731344 
16.0 127 instant 5 5 0 0 0 122.1262594304921 20 27.814443904338617 27.814443904338617 27.814443904338617 29.85074626865672 29.85074626865672 40 53.110203683959924 53.110203683959924 53.110203683959924 59.70149253731344 59.70149253731344 
16.0 127 retraso20_sp 8 8 2 0 0 122.1262594304921 20 30.372774342073086 30.372774342073086 27.814443904338617 35.820895522388064 35.820895522388064 40 53.110203683959924 53.110203683959924 53.110203683959924 59.70149253731344 59.70149253731344 
16.0 127 retraso60_sp 8 8 4 0 0 122.1262594304921 20 30.372774342073086 30.372774342073086 27.814443904338617 35.820895522388064 35.820895522388064 40 53.110203683959924 53.110203683959924 53.110203683959924 59.70149253731344 59.70149253731344 
20.0 11 instant 0 None None 1 0 152.45201244532626 20 35.564226755424556 None None 29.85074626865672 None 40 60.01658698968379 None None 59.70149253731344 None 
20.0 11 retraso20_sp 13 13 1 1 0 152.45201244532626 20 59.6655450283983 59.6655450283983 35.564226755424556 58.2089552238806 58.2089552238806 40 60.01658698968379 60.01658698968379 60.01658698968379 59.70149253731344 59.70149253731344 
20.0 11 retraso60_sp 7 7 7 0 0 152.45201244532626 20 37.897237714303344 37.897237714303344 37.897237714303344 31.343283582089555 31.343283582089555 40 60.01658698968379 60.01658698968379 60.01658698968379 59.70149253731344 59.70149253731344 
20.0 23 instant 0 None None 1 0 122.4434088860828 20 23.74914337631165 None None 29.85074626865672 None 40 50.565112637064914 None None 59.70149253731344 None 
20.0 23 retraso20_sp 3 3 0 1 0 122.4434088860828 20 23.74914337631165 23.74914337631165 23.74914337631165 29.85074626865672 29.85074626865672 40 50.565112637064914 50.565112637064914 50.565112637064914 59.70149253731344 59.70149253731344 
20.0 23 retraso60_sp 8 8 0 0 0 122.4434088860828 20 27.943697139411228 27.943697139411228 23.74914337631165 35.820895522388064 35.820895522388064 40 50.565112637064914 50.565112637064914 50.565112637064914 59.70149253731344 59.70149253731344 
20.0 37 instant 11 11 0 0 0 142.28066195408334 20 50.50193270181836 50.50193270181836 31.051686505752087 49.25373134328359 49.25373134328359 40 59.06909972505045 59.06909972505045 59.06909972505045 59.70149253731344 59.70149253731344 
20.0 37 retraso20_sp 7 7 0 0 0 142.28066195408334 20 32.39899148642061 32.39899148642061 31.051686505752087 31.343283582089555 31.343283582089555 40 59.06909972505045 59.06909972505045 59.06909972505045 59.70149253731344 59.70149253731344 
20.0 37 retraso60_sp 14 14 14 0 0 142.28066195408334 20 65.21612205600238 65.21612205600238 65.21612205600238 62.68656716417911 62.68656716417911 40 65.21612205600238 65.21612205600238 65.21612205600238 62.68656716417911 62.68656716417911 
20.0 41 instant 0 None None 1 0 118.90766816349353 20 29.454722274262537 None None 29.85074626865672 None 40 56.082758954139905 None None 59.70149253731344 None 
20.0 41 retraso20_sp 9 9 9 0 0 118.90766816349353 20 34.95124210570273 34.95124210570273 34.95124210570273 40.29850746268657 40.29850746268657 40 56.082758954139905 56.082758954139905 56.082758954139905 59.70149253731344 59.70149253731344 
20.0 41 retraso60_sp 3 3 0 0 0 118.90766816349353 20 29.454722274262537 29.454722274262537 29.454722274262537 29.85074626865672 29.85074626865672 40 56.082758954139905 56.082758954139905 56.082758954139905 59.70149253731344 59.70149253731344 
20.0 59 instant 8 8 0 0 0 144.75849392551623 20 40.88193234292939 40.88193234292939 30.457992811534552 35.820895522388064 35.820895522388064 40 62.76967596576816 62.76967596576816 62.76967596576816 59.70149253731344 59.70149253731344 
20.0 59 retraso20_sp 16 16 0 1 0 144.75849392551623 20 71.55243642109377 71.55243642109377 30.457992811534552 71.64179104477613 71.64179104477613 40 71.55243642109377 71.55243642109377 62.76967596576816 71.64179104477613 71.64179104477613 
20.0 59 retraso60_sp 2 2 2 0 0 144.75849392551623 20 30.457992811534552 30.457992811534552 30.457992811534552 29.85074626865672 29.85074626865672 40 62.76967596576816 62.76967596576816 62.76967596576816 59.70149253731344 59.70149253731344 
20.0 67 instant 0 None None 1 0 114.7819093920944 20 27.518535022152264 None None 29.85074626865672 None 40 47.632262412949785 None None 59.70149253731344 None 
20.0 67 retraso20_sp 2 2 0 1 0 114.7819093920944 20 27.518535022152264 27.518535022152264 27.518535022152264 29.85074626865672 29.85074626865672 40 47.632262412949785 47.632262412949785 47.632262412949785 59.70149253731344 59.70149253731344 
20.0 67 retraso60_sp 16 16 3 0 0 114.7819093920944 20 55.43640277781162 55.43640277781162 27.518535022152264 71.64179104477613 71.64179104477613 40 55.43640277781162 55.43640277781162 47.632262412949785 71.64179104477613 71.64179104477613 
20.0 73 instant 0 None None 1 0 160.2686118292414 20 32.481808434859005 None None 29.85074626865672 None 40 58.31049562695003 None None 59.70149253731344 None 
20.0 73 retraso20_sp 16 16 16 0 0 160.2686118292414 20 78.85729712348993 78.85729712348993 78.85729712348993 71.64179104477613 71.64179104477613 40 78.85729712348993 78.85729712348993 78.85729712348993 71.64179104477613 71.64179104477613 
20.0 73 retraso60_sp 15 15 15 0 0 160.2686118292414 20 68.27808417892734 68.27808417892734 68.27808417892734 67.16417910447763 67.16417910447763 40 68.27808417892734 68.27808417892734 68.27808417892734 67.16417910447763 67.16417910447763 
20.0 89 instant 0 None None 1 0 122.09132032120462 20 38.677479065510084 None None 29.85074626865672 None 40 56.89163168731355 None None 59.70149253731344 None 
20.0 89 retraso20_sp 18 18 0 1 0 122.09132032120462 20 71.92914650980205 71.92914650980205 38.677479065510084 80.59701492537314 80.59701492537314 40 71.92914650980205 71.92914650980205 56.89163168731355 80.59701492537314 80.59701492537314 
20.0 89 retraso60_sp 20 20 0 0 0 122.09132032120462 20 77.67932139491481 77.67932139491481 38.677479065510084 89.55223880597016 89.55223880597016 40 77.67932139491481 77.67932139491481 56.89163168731355 89.55223880597016 89.55223880597016 
20.0 97 instant 0 None None 1 0 155.96086496171637 20 28.99136478521126 None None 29.85074626865672 None 40 58.93144949256168 None None 59.70149253731344 None 
20.0 97 retraso20_sp 8 8 4 1 0 155.96086496171637 20 35.16837026326891 35.16837026326891 28.99136478521126 35.820895522388064 35.820895522388064 40 58.93144949256168 58.93144949256168 58.93144949256168 59.70149253731344 59.70149253731344 
20.0 97 retraso60_sp 13 13 1 0 0 155.96086496171637 20 58.64297713316142 58.64297713316142 28.99136478521126 58.2089552238806 58.2089552238806 40 58.93144949256168 58.93144949256168 58.93144949256168 59.70149253731344 59.70149253731344 
20.0 101 instant 0 0 0 0 0 84.27149651425088 20 15.191376563997835 15.191376563997835 15.191376563997835 29.85074626865672 29.85074626865672 40 36.21984720711967 36.21984720711967 36.21984720711967 59.70149253731344 59.70149253731344 
20.0 101 retraso20_sp 12 12 1 0 0 84.27149651425088 20 32.22826457683675 32.22826457683675 15.191376563997835 53.73134328358209 53.73134328358209 40 36.21984720711967 36.21984720711967 36.21984720711967 59.70149253731344 59.70149253731344 
20.0 101 retraso60_sp 10 10 0 0 0 84.27149651425088 20 19.761230496617088 19.761230496617088 15.191376563997835 44.77611940298508 44.77611940298508 40 36.21984720711967 36.21984720711967 36.21984720711967 59.70149253731344 59.70149253731344 
20.0 113 instant 7 7 0 0 0 124.5663878604777 20 34.53448200286505 34.53448200286505 34.51547472558647 31.343283582089555 31.343283582089555 40 68.41111886986627 68.41111886986627 68.41111886986627 59.70149253731344 59.70149253731344 
20.0 113 retraso20_sp 12 12 0 0 0 124.5663878604777 20 54.79217940647854 54.79217940647854 34.51547472558647 53.73134328358209 53.73134328358209 40 68.41111886986627 68.41111886986627 68.41111886986627 59.70149253731344 59.70149253731344 
20.0 113 retraso60_sp 21 21 5 0 0 124.5663878604777 20 93.67296577679113 93.67296577679113 34.51547472558647 94.02985074626866 94.02985074626866 40 93.67296577679113 93.67296577679113 68.41111886986627 94.02985074626866 94.02985074626866 
20.0 127 instant 0 None None 1 0 122.1262594304921 20 27.814443904338617 None None 29.85074626865672 None 40 53.110203683959924 None None 59.70149253731344 None 
20.0 127 retraso20_sp 12 12 9 1 0 122.1262594304921 20 49.16979182636442 49.16979182636442 35.99483291782957 53.73134328358209 53.73134328358209 40 53.110203683959924 53.110203683959924 53.110203683959924 59.70149253731344 59.70149253731344 
20.0 127 retraso60_sp 14 14 2 0 0 122.1262594304921 20 55.73050666779926 55.73050666779926 27.814443904338617 62.68656716417911 62.68656716417911 40 55.73050666779926 55.73050666779926 53.110203683959924 62.68656716417911 62.68656716417911 
