====================================================================================================
k* ZEROX — lambda=1, T=400 s, adversario del paper (sin retardo), 12 semillas
k* = minimo k con cobertura >= 50 % (replay r8c_gd sobre el DAG de r8c_sim)
====================================================================================================
 alpha  Delta | k*(400) por semilla                                   media  k*(200)  k*(300)  cob(k=0)
  0.10    1.0 | [0, 0, 0, 0, 0, 0, 0, 0, 0, 0, 0, 0]                   0.00     0.00     0.00     0.586
  0.10    4.0 | [2, 2, 2, 1, 2, 2, 2, 2, 2, 2, 2, 2]                   1.92     1.75     1.83     0.325
  0.10   16.0 | [4, 5, 5, 3, 5, 4, 5, 6, 5, 5, 6, 4]                   4.75     4.25     4.42     0.211
  0.10   20.0 | [4, 5, 5, 3, 6, 4, 4, 6, 5, 5, 6, 4]                   4.75     4.50     4.75     0.204
  0.25    1.0 | [0, 0, 0, 0, 0, 0, 0, 0, 0, 0, 0, 0]                   0.00     0.00     0.00     0.699
  0.25    4.0 | [0, 0, 0, 0, 0, 0, 0, 0, 0, 1, 1, 0]                   0.17     0.25     0.25     0.508
  0.25   16.0 | [1, 1, 1, 1, 1, 1, 1, 1, 1, 1, 1, 1]                   1.00     0.83     1.00     0.440
  0.25   20.0 | [1, 1, 1, 1, 1, 1, 1, 1, 1, 1, 1, 1]                   1.00     0.83     1.00     0.439
  0.33    1.0 | [0, 0, 0, 0, 0, 0, 0, 0, 0, 0, 0, 0]                   0.00     0.00     0.00     0.753
  0.33    4.0 | [0, 0, 0, 0, 0, 0, 0, 0, 0, 0, 0, 0]                   0.00     0.00     0.00     0.596
  0.33   16.0 | [0, 0, 0, 0, 0, 0, 0, 0, 0, 0, 0, 0]                   0.00     0.00     0.08     0.551
  0.33   20.0 | [0, 0, 0, 0, 0, 0, 0, 0, 0, 0, 0, 0]                   0.00     0.00     0.08     0.550
  0.40    1.0 | [0, 0, 0, 0, 0, 0, 0, 0, 0, 0, 0, 0]                   0.00     0.00     0.00     0.795
  0.40    4.0 | [0, 0, 0, 0, 0, 0, 0, 0, 0, 0, 0, 0]                   0.00     0.00     0.00     0.664
  0.40   16.0 | [0, 0, 0, 0, 0, 0, 0, 0, 0, 0, 0, 0]                   0.00     0.00     0.00     0.631
  0.40   20.0 | [0, 0, 0, 0, 0, 0, 0, 0, 0, 0, 0, 0]                   0.00     0.00     0.00     0.631
