====================================================================================================
CONTROL v3 — DAG solo-honesto. k* por semilla (12 semillas). Objetivo paper: 4 / 1 / 0
====================================================================================================

--- tasa honesta mu = (1-a)l=3,0 ---
D= 2.0 T=  6.0 | bitset [3, 3, 2, 2, 3, 3, 3, 3, 3, 2, 4, 5]  media 3.00 | replay [8, 7, 3, 6, -1, 6, 8, 5, 10, 4, 7, 10]  media 6.08
D= 2.0 T= 12.0 | bitset [3, 3, 2, 2, 3, 3, 4, 4, 4, 3, 3, 5]  media 3.25 | replay [5, 4, 3, 5, 7, 6, 6, 9, 10, 4, 4, 9]  media 6.00
D= 2.0 T= 24.0 | bitset [3, 3, 3, 3, 3, 3, 4, 4, 4, 3, 3, 4]  media 3.33 | replay [5, 5, 5, 6, 7, 6, 7, 7, 7, 5, 5, 7]  media 6.00
D= 2.0 T= 60.0 | bitset [3, 3, 3, 3, 3, 3, 4, 3, 3, 3, 3, 3]  media 3.08 | replay [5, 5, 5, 5, 6, 6, 6, 5, 6, 5, 5, 6]  media 5.42
D= 1.0 T=  6.0 | bitset [1, 2, 1, 1, 2, 2, 2, 2, 2, 1, 2, 2]  media 1.67 | replay [2, 3, 2, 2, 3, 3, 4, 4, 2, 1, 3, 4]  media 2.75
D= 1.0 T= 12.0 | bitset [1, 1, 1, 1, 2, 2, 2, 2, 2, 1, 1, 2]  media 1.50 | replay [2, 3, 2, 2, 3, 2, 3, 4, 3, 2, 3, 5]  media 2.83
D= 1.0 T= 24.0 | bitset [2, 1, 1, 2, 2, 2, 2, 2, 2, 1, 2, 2]  media 1.75 | replay [2, 2, 2, 2, 3, 3, 3, 3, 3, 2, 3, 3]  media 2.58
D= 1.0 T= 60.0 | bitset [1, 2, 1, 1, 2, 2, 2, 2, 2, 2, 2, 2]  media 1.75 | replay [2, 3, 2, 2, 2, 3, 3, 2, 3, 2, 3, 3]  media 2.50
D= 0.1 T=  6.0 | bitset [0, 0, 0, 0, 0, 0, 0, 0, 0, 0, 0, 0]  media 0.00 | replay [0, 0, 0, 0, 0, 0, 0, 0, 0, 0, 0, 0]  media 0.00
D= 0.1 T= 12.0 | bitset [0, 0, 0, 0, 0, 0, 0, 0, 0, 0, 0, 0]  media 0.00 | replay [0, 0, 0, 0, 0, 0, 0, 0, 0, 0, 0, 0]  media 0.00
D= 0.1 T= 24.0 | bitset [0, 0, 0, 0, 0, 0, 0, 0, 0, 0, 0, 0]  media 0.00 | replay [0, 0, 0, 0, 0, 0, 0, 0, 0, 0, 0, 0]  media 0.00
D= 0.1 T= 60.0 | bitset [0, 0, 0, 0, 0, 0, 0, 0, 0, 0, 0, 0]  media 0.00 | replay [0, 0, 0, 0, 0, 0, 0, 0, 0, 0, 0, 0]  media 0.00

--- tasa honesta mu = l=3,75 ---
D= 2.0 T=  6.0 | bitset [4, 4, 2, 3, 3, 3, 5, 4, 5, 2, 4, 5]  media 3.67 | replay [9, 8, 4, 8, 8, 9, 7, 11, 14, 5, 7, 10]  media 8.33
D= 2.0 T= 12.0 | bitset [4, 3, 3, 3, 4, 3, 5, 5, 5, 3, 3, 5]  media 3.83 | replay [8, 7, 6, 6, 9, 7, 9, 10, 9, 6, 7, 9]  media 7.75
D= 2.0 T= 24.0 | bitset [4, 4, 3, 3, 4, 4, 4, 4, 4, 3, 4, 5]  media 3.83 | replay [8, 7, 7, 6, 8, 7, 8, 8, 8, 6, 7, 8]  media 7.33
D= 2.0 T= 60.0 | bitset [4, 4, 4, 3, 4, 4, 5, 4, 4, 4, 4, 4]  media 4.00 | replay [7, 7, 7, 6, 7, 7, 8, 7, 8, 7, 7, 7]  media 7.08
D= 1.0 T=  6.0 | bitset [2, 2, 2, 1, 2, 2, 3, 2, 3, 1, 2, 2]  media 2.00 | replay [3, 4, 2, 2, 3, 3, 5, 5, 6, 2, 4, 4]  media 3.58
D= 1.0 T= 12.0 | bitset [2, 1, 2, 2, 2, 2, 2, 3, 2, 2, 2, 3]  media 2.08 | replay [3, 3, 3, 2, 4, 3, 4, 5, 4, 3, 3, 5]  media 3.50
D= 1.0 T= 24.0 | bitset [2, 2, 2, 2, 2, 2, 2, 2, 2, 2, 2, 2]  media 2.00 | replay [3, 3, 3, 3, 3, 4, 4, 3, 4, 3, 4, 4]  media 3.42
D= 1.0 T= 60.0 | bitset [2, 2, 2, 2, 2, 2, 2, 2, 2, 2, 2, 2]  media 2.00 | replay [3, 3, 3, 3, 3, 3, 4, 3, 3, 3, 3, 3]  media 3.08
D= 0.1 T=  6.0 | bitset [0, 0, 0, 0, 0, 0, 0, 0, 0, 0, 0, 0]  media 0.00 | replay [0, 0, 0, 0, 0, 0, 0, 0, 0, 0, 0, 0]  media 0.00
D= 0.1 T= 12.0 | bitset [0, 0, 0, 0, 0, 0, 0, 0, 0, 0, 0, 0]  media 0.00 | replay [0, 0, 0, 0, 0, 0, 0, 0, 0, 0, 0, 0]  media 0.00
D= 0.1 T= 24.0 | bitset [0, 0, 0, 0, 0, 0, 0, 0, 0, 0, 0, 0]  media 0.00 | replay [0, 0, 0, 0, 0, 0, 0, 0, 0, 0, 0, 0]  media 0.00
D= 0.1 T= 60.0 | bitset [0, 0, 0, 0, 0, 0, 0, 0, 0, 0, 0, 0]  media 0.00 | replay [0, 0, 0, 0, 0, 0, 0, 0, 0, 0, 0, 0]  media 0.00

--- tasa honesta mu = 2,5 ---
D= 2.0 T=  6.0 | bitset [2, 2, 2, 2, 2, 3, 4, 3, 3, 2, 3, 3]  media 2.58 | replay [7, 5, 3, 6, 3, 6, 7, 4, 9, 3, 7, 8]  media 5.67
D= 2.0 T= 12.0 | bitset [2, 2, 2, 2, 2, 3, 3, 3, 4, 2, 3, 4]  media 2.67 | replay [4, 4, 3, 6, 5, 5, 5, 6, 8, 4, 4, 7]  media 5.08
D= 2.0 T= 24.0 | bitset [2, 2, 2, 3, 3, 3, 3, 3, 3, 3, 3, 3]  media 2.75 | replay [4, 4, 3, 5, 5, 4, 6, 5, 6, 4, 4, 6]  media 4.67
D= 2.0 T= 60.0 | bitset [3, 3, 2, 2, 3, 3, 3, 2, 3, 3, 3, 3]  media 2.75 | replay [5, 4, 4, 4, 4, 5, 5, 4, 6, 4, 4, 5]  media 4.50
D= 1.0 T=  6.0 | bitset [1, 1, 1, 1, 1, 1, 2, 2, 2, 1, 2, 2]  media 1.42 | replay [3, 3, 2, 2, 1, 2, 3, 3, 2, 1, 3, 3]  media 2.33
D= 1.0 T= 12.0 | bitset [1, 1, 1, 1, 1, 1, 2, 2, 2, 1, 1, 2]  media 1.33 | replay [1, 1, 1, 2, 2, 2, 3, 2, 2, 1, 2, 3]  media 1.83
D= 1.0 T= 24.0 | bitset [1, 1, 1, 1, 2, 1, 2, 2, 2, 1, 1, 2]  media 1.42 | replay [2, 2, 2, 2, 2, 2, 3, 2, 2, 2, 2, 2]  media 2.08
D= 1.0 T= 60.0 | bitset [1, 1, 1, 1, 1, 1, 2, 1, 1, 1, 1, 1]  media 1.08 | replay [2, 2, 2, 2, 2, 2, 2, 2, 2, 2, 2, 2]  media 2.00
D= 0.1 T=  6.0 | bitset [0, 0, 0, 0, 0, 0, 0, 0, 0, 0, 0, 0]  media 0.00 | replay [0, 0, 0, 0, 0, 0, 0, 0, 0, 0, 0, 0]  media 0.00
D= 0.1 T= 12.0 | bitset [0, 0, 0, 0, 0, 0, 0, 0, 0, 0, 0, 0]  media 0.00 | replay [0, 0, 0, 0, 0, 0, 0, 0, 0, 0, 0, 0]  media 0.00
D= 0.1 T= 24.0 | bitset [0, 0, 0, 0, 0, 0, 0, 0, 0, 0, 0, 0]  media 0.00 | replay [0, 0, 0, 0, 0, 0, 0, 0, 0, 0, 0, 0]  media 0.00
D= 0.1 T= 60.0 | bitset [0, 0, 0, 0, 0, 0, 0, 0, 0, 0, 0, 0]  media 0.00 | replay [0, 0, 0, 0, 0, 0, 0, 0, 0, 0, 0, 0]  media 0.00
