alpha delta seed kstar kstar_all n t_tx t_base m0.05 t0.05 suelo0.05 m0.001 t0.001 suelo0.001 m1e-06 t1e-06 suelo1e-06 m1e-12 t1e-12 suelo1e-12 suelo_base
0.1 1.0 11 0 0 406 200.2642 113.3402 2 6.701920672050505 2.2222 4 9.429307726504703 4.4444 7 11.148580595548822 7.7778 13 16.962280245443367 14.4444 100.0000
0.1 1.0 23 0 0 418 202.4928 93.7093 2 1.5856901951393638 2.2222 4 2.226874509575566 4.4444 7 6.409261349049842 7.7778 13 16.833401980807423 14.4444 100.0000
0.1 1.0 37 0 0 421 200.9000 110.4742 2 2.0605925048284917 2.2222 4 2.4696760675957137 4.4444 7 3.432154884679136 7.7778 13 10.37991508912529 14.4444 100.0000
0.1 1.0 41 0 0 382 200.1432 83.4954 2 0.7489737160441052 2.2222 4 1.8083818720750742 4.4444 7 5.487592667391624 7.7778 13 19.968590228397403 14.4444 100.0000
0.1 1.0 59 0 0 383 200.0901 105.9976 2 1.4122789691200524 2.2222 4 4.700024635248042 4.4444 7 8.366598200535265 7.7778 13 16.019167978947763 14.4444 100.0000
0.1 1.0 67 0 0 406 201.4636 83.3559 2 1.3844301347095893 2.2222 4 3.6238656197465104 4.4444 7 7.2225927003183585 7.7778 13 9.660074647422618 14.4444 100.0000
0.1 1.0 73 0 0 402 200.0088 122.5878 2 1.414303395950526 2.2222 4 5.449827868397165 4.4444 7 6.978807994860375 7.7778 13 11.104076273392963 14.4444 100.0000
0.1 1.0 89 0 0 421 202.1291 88.2484 2 2.155728732756444 2.2222 4 10.511023614731187 4.4444 7 14.573752355757932 7.7778 13 18.072377069978273 14.4444 100.0000
0.1 1.0 97 0 0 361 203.4675 111.5563 2 1.7653853391251744 2.2222 4 4.009379220177436 4.4444 7 5.629204322538271 7.7778 13 16.371630918750583 14.4444 100.0000
0.1 1.0 101 0 0 424 200.4749 67.5569 2 0.5168925371750674 2.2222 4 2.7093762054960564 4.4444 7 5.093716723703608 7.7778 13 8.674615228511158 14.4444 100.0000
0.1 1.0 113 0 0 415 202.0588 94.3657 2 3.4708165825076662 2.2222 4 8.377523766456335 4.4444 7 9.449094153202736 7.7778 13 10.604299064515317 14.4444 100.0000
0.1 1.0 127 0 0 408 200.5277 90.6146 2 0.364280941948806 2.2222 4 2.4124906488125077 4.4444 7 8.026911442216345 7.7778 13 14.537842306693108 14.4444 100.0000
0.1 4.0 11 2 2 406 200.2642 113.3402 2 10.920044466419995 6.6667 4 10.920044466419995 6.6667 7 11.148580595548822 7.7778 13 16.962280245443367 14.4444 100.0000
0.1 4.0 23 2 2 418 202.4928 93.7093 2 4.781800402171541 6.6667 4 4.781800402171541 6.6667 7 6.409261349049842 7.7778 13 16.833401980807423 14.4444 100.0000
0.1 4.0 37 2 2 421 200.9000 110.4742 2 3.290909648947803 6.6667 4 3.290909648947803 6.6667 7 3.432154884679136 7.7778 13 10.37991508912529 14.4444 100.0000
0.1 4.0 41 2 1 382 200.1432 83.4954 2 3.6135961047207843 6.6667 4 3.6135961047207843 6.6667 7 5.487592667391624 7.7778 13 19.968590228397403 14.4444 100.0000
0.1 4.0 59 2 2 383 200.0901 105.9976 2 6.4018987521722295 6.6667 4 6.4018987521722295 6.6667 7 8.366598200535265 7.7778 13 16.019167978947763 14.4444 100.0000
0.1 4.0 67 2 2 406 201.4636 83.3559 2 6.568911528971256 6.6667 4 6.568911528971256 6.6667 7 7.2225927003183585 7.7778 13 9.660074647422618 14.4444 100.0000
0.1 4.0 73 2 2 402 200.0088 122.5878 2 6.808693468227915 6.6667 4 6.808693468227915 6.6667 7 6.978807994860375 7.7778 13 11.104076273392963 14.4444 100.0000
0.1 4.0 89 3 2 421 202.1291 88.2484 2 15.539159269560344 10.0000 4 15.539159269560344 10.0000 7 15.539159269560344 10.0000 13 18.072377069978273 14.4444 100.0000
0.1 4.0 97 2 2 361 203.4675 111.5563 2 5.233235571766244 6.6667 4 5.233235571766244 6.6667 7 5.629204322538271 7.7778 13 16.371630918750583 14.4444 100.0000
0.1 4.0 101 3 2 424 200.4749 67.5569 2 6.501617847383869 10.0000 4 6.501617847383869 10.0000 7 6.501617847383869 10.0000 13 8.674615228511158 14.4444 100.0000
0.1 4.0 113 3 2 415 202.0588 94.3657 2 9.687144584401494 10.0000 4 9.687144584401494 10.0000 7 9.687144584401494 10.0000 13 10.604299064515317 14.4444 100.0000
0.1 4.0 127 2 2 408 200.5277 90.6146 2 4.534571173602558 6.6667 4 4.534571173602558 6.6667 7 8.026911442216345 7.7778 13 14.537842306693108 14.4444 100.0000
0.1 16.0 11 5 4 406 200.2642 113.3402 2 18.052908530800494 16.6667 4 18.052908530800494 16.6667 7 18.052908530800494 16.6667 13 18.052908530800494 16.6667 100.0000
0.1 16.0 23 6 5 418 202.4928 93.7093 2 20.38342747751537 20.0000 4 20.38342747751537 20.0000 7 20.38342747751537 20.0000 13 20.38342747751537 20.0000 100.0000
0.1 16.0 37 6 5 421 200.9000 110.4742 2 17.1331417722526 20.0000 4 17.1331417722526 20.0000 7 17.1331417722526 20.0000 13 17.1331417722526 20.0000 100.0000
0.1 16.0 41 4 3 382 200.1432 83.4954 2 16.894499024342224 13.3333 4 16.894499024342224 13.3333 7 16.894499024342224 13.3333 13 19.968590228397403 14.4444 100.0000
0.1 16.0 59 6 5 383 200.0901 105.9976 2 21.74169545979825 20.0000 4 21.74169545979825 20.0000 7 21.74169545979825 20.0000 13 21.74169545979825 20.0000 100.0000
0.1 16.0 67 5 4 406 201.4636 83.3559 2 10.674035522602821 16.6667 4 10.674035522602821 16.6667 7 10.674035522602821 16.6667 13 10.674035522602821 16.6667 100.0000
0.1 16.0 73 5 5 402 200.0088 122.5878 2 11.364439973559428 16.6667 4 11.364439973559428 16.6667 7 11.364439973559428 16.6667 13 11.364439973559428 16.6667 100.0000
0.1 16.0 89 6 6 421 202.1291 88.2484 2 24.499326763217198 20.0000 4 24.499326763217198 20.0000 7 24.499326763217198 20.0000 13 24.499326763217198 20.0000 100.0000
0.1 16.0 97 6 5 361 203.4675 111.5563 2 20.87147743602702 20.0000 4 20.87147743602702 20.0000 7 20.87147743602702 20.0000 13 20.87147743602702 20.0000 100.0000
0.1 16.0 101 6 5 424 200.4749 67.5569 2 11.189377429285003 20.0000 4 11.189377429285003 20.0000 7 11.189377429285003 20.0000 13 11.189377429285003 20.0000 100.0000
0.1 16.0 113 6 6 415 202.0588 94.3657 2 16.796611450294392 20.0000 4 16.796611450294392 20.0000 7 16.796611450294392 20.0000 13 16.796611450294392 20.0000 100.0000
0.1 16.0 127 5 4 408 200.5277 90.6146 2 14.7297029934752 16.6667 4 14.7297029934752 16.6667 7 14.7297029934752 16.6667 13 14.7297029934752 16.6667 100.0000
0.1 20.0 11 5 4 406 200.2642 113.3402 2 18.052908530800494 16.6667 4 18.052908530800494 16.6667 7 18.052908530800494 16.6667 13 18.052908530800494 16.6667 100.0000
0.1 20.0 23 6 5 418 202.4928 93.7093 2 20.38342747751537 20.0000 4 20.38342747751537 20.0000 7 20.38342747751537 20.0000 13 20.38342747751537 20.0000 100.0000
0.1 20.0 37 6 5 421 200.9000 110.4742 2 17.1331417722526 20.0000 4 17.1331417722526 20.0000 7 17.1331417722526 20.0000 13 17.1331417722526 20.0000 100.0000
0.1 20.0 41 4 3 382 200.1432 83.4954 2 16.894499024342224 13.3333 4 16.894499024342224 13.3333 7 16.894499024342224 13.3333 13 19.968590228397403 14.4444 100.0000
0.1 20.0 59 6 6 383 200.0901 105.9976 2 21.74169545979825 20.0000 4 21.74169545979825 20.0000 7 21.74169545979825 20.0000 13 21.74169545979825 20.0000 100.0000
0.1 20.0 67 5 4 406 201.4636 83.3559 2 10.674035522602821 16.6667 4 10.674035522602821 16.6667 7 10.674035522602821 16.6667 13 10.674035522602821 16.6667 100.0000
0.1 20.0 73 5 4 402 200.0088 122.5878 2 11.364439973559428 16.6667 4 11.364439973559428 16.6667 7 11.364439973559428 16.6667 13 11.364439973559428 16.6667 100.0000
0.1 20.0 89 6 6 421 202.1291 88.2484 2 24.499326763217198 20.0000 4 24.499326763217198 20.0000 7 24.499326763217198 20.0000 13 24.499326763217198 20.0000 100.0000
0.1 20.0 97 7 5 361 203.4675 111.5563 2 22.515694824162324 23.3333 4 22.515694824162324 23.3333 7 22.515694824162324 23.3333 13 22.515694824162324 23.3333 100.0000
0.1 20.0 101 6 5 424 200.4749 67.5569 2 11.189377429285003 20.0000 4 11.189377429285003 20.0000 7 11.189377429285003 20.0000 13 11.189377429285003 20.0000 100.0000
0.1 20.0 113 7 6 415 202.0588 94.3657 2 18.616133152331855 23.3333 4 18.616133152331855 23.3333 7 18.616133152331855 23.3333 13 18.616133152331855 23.3333 100.0000
0.1 20.0 127 5 4 408 200.5277 90.6146 2 14.7297029934752 16.6667 4 14.7297029934752 16.6667 7 14.7297029934752 16.6667 13 14.7297029934752 16.6667 100.0000
0.25 1.0 11 0 0 406 200.2642 137.8066 3 7.951195947305962 4.0000 7 13.43874033544256 9.3333 13 19.76941309764348 17.3333 26 38.61764431337363 34.6667 120.0000
0.25 1.0 23 0 0 418 202.4928 110.6944 3 2.0849219371016545 4.0000 7 6.409261349049842 9.3333 13 17.252297256402926 17.3333 26 29.713296848992968 34.6667 120.0000
0.25 1.0 37 0 0 421 200.9000 134.4283 3 2.267062794025861 4.0000 7 3.432154884679136 9.3333 13 13.056659242171776 17.3333 26 34.317555146215 34.6667 120.0000
0.25 1.0 41 0 0 382 200.1432 104.4187 3 1.8083818720750742 4.0000 7 8.477449826280605 9.3333 13 21.303169990873755 17.3333 26 33.00467199786681 34.6667 120.0000
0.25 1.0 59 0 0 383 200.0901 122.6637 3 2.939160114528846 4.0000 7 8.904672873032041 9.3333 13 16.322967578171898 17.3333 26 39.368517414179394 34.6667 120.0000
0.25 1.0 67 0 0 406 201.4636 95.2993 3 3.6238656197465104 4.0000 7 7.808663931650273 9.3333 13 10.674035522602821 17.3333 26 27.518535022152264 34.6667 120.0000
0.25 1.0 73 0 0 402 201.1867 145.2275 3 4.271913723606218 4.0000 7 6.456972508029622 9.3333 13 12.364626374579672 17.3333 26 40.71660899484476 34.6667 120.0000
0.25 1.0 89 0 0 421 202.1291 111.7127 3 10.89284529459428 4.0000 7 15.539159269560344 9.3333 13 23.028413000588074 17.3333 26 42.466604483722136 34.6667 120.0000
0.25 1.0 97 0 0 361 203.9340 134.1258 3 3.542824027692575 4.0000 7 15.193271763219457 9.3333 13 19.624975650385267 17.3333 26 31.460365773713306 34.6667 120.0000
0.25 1.0 101 0 0 424 200.4749 77.6910 3 2.7093762054960564 4.0000 7 6.501617847383869 9.3333 13 9.685302888243456 17.3333 26 17.67583941364859 34.6667 120.0000
0.25 1.0 113 0 0 415 202.0588 110.0031 3 6.299714899854166 4.0000 7 9.449094153202736 9.3333 13 14.89562083535668 17.3333 26 43.33430957786584 34.6667 120.0000
0.25 1.0 127 0 0 408 200.5277 107.0821 3 0.4413757069551423 4.0000 7 9.422295792627892 9.3333 13 15.893558312076351 17.3333 26 28.4273765912547 34.6667 120.0000
0.25 4.0 11 1 0 406 200.2642 137.8066 3 7.951195947305962 4.0000 7 13.43874033544256 9.3333 13 19.76941309764348 17.3333 26 38.61764431337363 34.6667 120.0000
0.25 4.0 23 1 0 418 202.4928 110.6944 3 2.0849219371016545 4.0000 7 6.409261349049842 9.3333 13 17.252297256402926 17.3333 26 29.713296848992968 34.6667 120.0000
0.25 4.0 37 1 0 421 200.9000 134.4283 3 2.267062794025861 4.0000 7 3.432154884679136 9.3333 13 13.056659242171776 17.3333 26 34.317555146215 34.6667 120.0000
0.25 4.0 41 1 0 382 200.1432 104.4187 3 1.8083818720750742 4.0000 7 8.477449826280605 9.3333 13 21.303169990873755 17.3333 26 33.00467199786681 34.6667 120.0000
0.25 4.0 59 1 0 383 200.0901 122.6637 3 2.939160114528846 4.0000 7 8.904672873032041 9.3333 13 16.322967578171898 17.3333 26 39.368517414179394 34.6667 120.0000
0.25 4.0 67 1 0 406 201.4636 95.2993 3 3.6238656197465104 4.0000 7 7.808663931650273 9.3333 13 10.674035522602821 17.3333 26 27.518535022152264 34.6667 120.0000
0.25 4.0 73 1 0 402 201.1867 145.2275 3 4.271913723606218 4.0000 7 6.456972508029622 9.3333 13 12.364626374579672 17.3333 26 40.71660899484476 34.6667 120.0000
0.25 4.0 89 1 0 421 202.1291 111.7127 3 10.89284529459428 4.0000 7 15.539159269560344 9.3333 13 23.028413000588074 17.3333 26 42.466604483722136 34.6667 120.0000
0.25 4.0 97 1 0 361 203.9340 134.1258 3 3.542824027692575 4.0000 7 15.193271763219457 9.3333 13 19.624975650385267 17.3333 26 31.460365773713306 34.6667 120.0000
0.25 4.0 101 1 1 424 200.4749 77.6910 3 2.7093762054960564 4.0000 7 6.501617847383869 9.3333 13 9.685302888243456 17.3333 26 17.67583941364859 34.6667 120.0000
0.25 4.0 113 1 1 415 202.0588 110.0031 3 6.299714899854166 4.0000 7 9.449094153202736 9.3333 13 14.89562083535668 17.3333 26 43.33430957786584 34.6667 120.0000
0.25 4.0 127 1 0 408 200.5277 107.0821 3 0.4413757069551423 4.0000 7 9.422295792627892 9.3333 13 15.893558312076351 17.3333 26 28.4273765912547 34.6667 120.0000
0.25 16.0 11 2 1 406 200.2642 137.8066 3 11.234603179032376 8.0000 7 13.43874033544256 9.3333 13 19.76941309764348 17.3333 26 38.61764431337363 34.6667 120.0000
0.25 16.0 23 2 1 418 202.4928 110.6944 3 4.781800402171541 8.0000 7 6.409261349049842 9.3333 13 17.252297256402926 17.3333 26 29.713296848992968 34.6667 120.0000
0.25 16.0 37 2 1 421 200.9000 134.4283 3 3.290909648947803 8.0000 7 3.432154884679136 9.3333 13 13.056659242171776 17.3333 26 34.317555146215 34.6667 120.0000
0.25 16.0 41 2 1 382 200.1432 104.4187 3 5.487592667391624 8.0000 7 8.477449826280605 9.3333 13 21.303169990873755 17.3333 26 33.00467199786681 34.6667 120.0000
0.25 16.0 59 2 1 383 200.0901 122.6637 3 8.366598200535265 8.0000 7 8.904672873032041 9.3333 13 16.322967578171898 17.3333 26 39.368517414179394 34.6667 120.0000
0.25 16.0 67 2 1 406 201.4636 95.2993 3 7.2225927003183585 8.0000 7 7.808663931650273 9.3333 13 10.674035522602821 17.3333 26 27.518535022152264 34.6667 120.0000
0.25 16.0 73 2 1 402 201.1867 145.2275 3 5.8008938500694285 8.0000 7 6.456972508029622 9.3333 13 12.364626374579672 17.3333 26 40.71660899484476 34.6667 120.0000
0.25 16.0 89 2 1 421 202.1291 111.7127 3 14.623585797091266 8.0000 7 15.539159269560344 9.3333 13 23.028413000588074 17.3333 26 42.466604483722136 34.6667 120.0000
0.25 16.0 97 2 1 361 203.9340 134.1258 3 14.070431352367905 8.0000 7 15.193271763219457 9.3333 13 19.624975650385267 17.3333 26 31.460365773713306 34.6667 120.0000
0.25 16.0 101 2 1 424 200.4749 77.6910 3 5.405485694908009 8.0000 7 6.501617847383869 9.3333 13 9.685302888243456 17.3333 26 17.67583941364859 34.6667 120.0000
0.25 16.0 113 2 1 415 202.0588 110.0031 3 9.114218054403239 8.0000 7 9.449094153202736 9.3333 13 14.89562083535668 17.3333 26 43.33430957786584 34.6667 120.0000
0.25 16.0 127 2 1 408 200.5277 107.0821 3 8.073261473604077 8.0000 7 9.422295792627892 9.3333 13 15.893558312076351 17.3333 26 28.4273765912547 34.6667 120.0000
0.25 20.0 11 2 1 406 200.2642 137.8066 3 11.234603179032376 8.0000 7 13.43874033544256 9.3333 13 19.76941309764348 17.3333 26 38.61764431337363 34.6667 120.0000
0.25 20.0 23 2 1 418 202.4928 110.6944 3 4.781800402171541 8.0000 7 6.409261349049842 9.3333 13 17.252297256402926 17.3333 26 29.713296848992968 34.6667 120.0000
0.25 20.0 37 2 1 421 200.9000 134.4283 3 3.290909648947803 8.0000 7 3.432154884679136 9.3333 13 13.056659242171776 17.3333 26 34.317555146215 34.6667 120.0000
0.25 20.0 41 2 1 382 200.1432 104.4187 3 5.487592667391624 8.0000 7 8.477449826280605 9.3333 13 21.303169990873755 17.3333 26 33.00467199786681 34.6667 120.0000
0.25 20.0 59 2 1 383 200.0901 122.6637 3 8.366598200535265 8.0000 7 8.904672873032041 9.3333 13 16.322967578171898 17.3333 26 39.368517414179394 34.6667 120.0000
0.25 20.0 67 2 1 406 201.4636 95.2993 3 7.2225927003183585 8.0000 7 7.808663931650273 9.3333 13 10.674035522602821 17.3333 26 27.518535022152264 34.6667 120.0000
0.25 20.0 73 2 1 402 201.1867 145.2275 3 5.8008938500694285 8.0000 7 6.456972508029622 9.3333 13 12.364626374579672 17.3333 26 40.71660899484476 34.6667 120.0000
0.25 20.0 89 2 1 421 202.1291 111.7127 3 14.623585797091266 8.0000 7 15.539159269560344 9.3333 13 23.028413000588074 17.3333 26 42.466604483722136 34.6667 120.0000
0.25 20.0 97 2 1 361 203.9340 134.1258 3 14.070431352367905 8.0000 7 15.193271763219457 9.3333 13 19.624975650385267 17.3333 26 31.460365773713306 34.6667 120.0000
0.25 20.0 101 2 1 424 200.4749 77.6910 3 5.405485694908009 8.0000 7 6.501617847383869 9.3333 13 9.685302888243456 17.3333 26 17.67583941364859 34.6667 120.0000
0.25 20.0 113 2 1 415 202.0588 110.0031 3 9.114218054403239 8.0000 7 9.449094153202736 9.3333 13 14.89562083535668 17.3333 26 43.33430957786584 34.6667 120.0000
0.25 20.0 127 2 1 408 200.5277 107.0821 3 8.073261473604077 8.0000 7 9.422295792627892 9.3333 13 15.893558312076351 17.3333 26 28.4273765912547 34.6667 120.0000
0.33 1.0 11 0 0 406 200.2642 152.4520 5 11.148580595548822 7.4627 10 18.052908530800494 14.9254 20 35.564226755424556 29.8507 40 60.01658698968379 59.7015 134.3284
0.33 1.0 23 0 0 418 202.4928 122.4434 5 3.3954003887303372 7.4627 10 12.518758646698274 14.9254 20 23.74914337631165 29.8507 40 50.565112637064914 59.7015 134.3284
0.33 1.0 37 0 0 421 200.9000 142.2807 5 3.290909648947803 7.4627 10 12.442253363019404 14.9254 20 31.051686505752087 29.8507 40 59.06909972505045 59.7015 134.3284
0.33 1.0 41 0 0 382 200.1432 118.9077 5 3.6135961047207843 7.4627 10 20.121433638331723 14.9254 20 29.454722274262537 29.8507 40 56.082758954139905 59.7015 134.3284
0.33 1.0 59 0 0 383 200.0901 144.7585 5 6.4018987521722295 7.4627 10 16.00349079716605 14.9254 20 30.457992811534552 29.8507 40 62.76967596576816 59.7015 134.3284
0.33 1.0 67 0 0 406 201.4636 114.7819 5 7.2225927003183585 7.4627 10 10.674035522602821 14.9254 20 27.518535022152264 29.8507 40 47.632262412949785 59.7015 134.3284
0.33 1.0 73 0 0 402 201.1867 160.2686 5 5.630779323436968 7.4627 10 9.030785770016848 14.9254 20 32.481808434859005 29.8507 40 58.31049562695003 59.7015 134.3284
0.33 1.0 89 0 0 421 202.1291 122.0913 5 14.573752355757932 7.4627 10 17.444230015648685 14.9254 20 38.677479065510084 29.8507 40 56.89163168731355 59.7015 134.3284
0.33 1.0 97 0 0 361 205.2328 155.9609 5 13.894441616579144 7.4627 10 18.326145503744954 14.9254 20 28.99136478521126 29.8507 40 58.93144949256168 59.7015 134.3284
0.33 1.0 101 0 0 424 200.4749 84.2715 5 5.405485694908009 7.4627 10 8.674615228511158 14.9254 20 15.191376563997835 29.8507 40 36.21984720711967 59.7015 134.3284
0.33 1.0 113 0 0 415 202.0588 124.5664 5 8.384772488688355 7.4627 10 10.020397207076144 14.9254 20 34.51547472558647 29.8507 40 68.41111886986627 59.7015 134.3284
0.33 1.0 127 0 0 408 200.5277 122.1263 5 12.000318558334158 7.4627 10 16.404460337831807 14.9254 20 27.814443904338617 29.8507 40 53.110203683959924 59.7015 134.3284
0.33 4.0 11 1 0 406 200.2642 152.4520 5 11.148580595548822 7.4627 10 18.052908530800494 14.9254 20 35.564226755424556 29.8507 40 60.01658698968379 59.7015 134.3284
0.33 4.0 23 1 0 418 202.4928 122.4434 5 3.3954003887303372 7.4627 10 12.518758646698274 14.9254 20 23.74914337631165 29.8507 40 50.565112637064914 59.7015 134.3284
0.33 4.0 37 1 0 421 200.9000 142.2807 5 3.290909648947803 7.4627 10 12.442253363019404 14.9254 20 31.051686505752087 29.8507 40 59.06909972505045 59.7015 134.3284
0.33 4.0 41 1 0 382 200.1432 118.9077 5 3.6135961047207843 7.4627 10 20.121433638331723 14.9254 20 29.454722274262537 29.8507 40 56.082758954139905 59.7015 134.3284
0.33 4.0 59 1 0 383 200.0901 144.7585 5 6.4018987521722295 7.4627 10 16.00349079716605 14.9254 20 30.457992811534552 29.8507 40 62.76967596576816 59.7015 134.3284
0.33 4.0 67 1 0 406 201.4636 114.7819 5 7.2225927003183585 7.4627 10 10.674035522602821 14.9254 20 27.518535022152264 29.8507 40 47.632262412949785 59.7015 134.3284
0.33 4.0 73 1 0 402 201.1867 160.2686 5 5.630779323436968 7.4627 10 9.030785770016848 14.9254 20 32.481808434859005 29.8507 40 58.31049562695003 59.7015 134.3284
0.33 4.0 89 1 0 421 202.1291 122.0913 5 14.573752355757932 7.4627 10 17.444230015648685 14.9254 20 38.677479065510084 29.8507 40 56.89163168731355 59.7015 134.3284
0.33 4.0 97 1 0 361 205.2328 155.9609 5 13.894441616579144 7.4627 10 18.326145503744954 14.9254 20 28.99136478521126 29.8507 40 58.93144949256168 59.7015 134.3284
0.33 4.0 101 1 0 424 200.4749 84.2715 5 5.405485694908009 7.4627 10 8.674615228511158 14.9254 20 15.191376563997835 29.8507 40 36.21984720711967 59.7015 134.3284
0.33 4.0 113 1 0 415 202.0588 124.5664 5 8.384772488688355 7.4627 10 10.020397207076144 14.9254 20 34.51547472558647 29.8507 40 68.41111886986627 59.7015 134.3284
0.33 4.0 127 1 0 408 200.5277 122.1263 5 12.000318558334158 7.4627 10 16.404460337831807 14.9254 20 27.814443904338617 29.8507 40 53.110203683959924 59.7015 134.3284
0.33 16.0 11 1 0 406 200.2642 152.4520 5 11.148580595548822 7.4627 10 18.052908530800494 14.9254 20 35.564226755424556 29.8507 40 60.01658698968379 59.7015 134.3284
0.33 16.0 23 1 0 418 202.4928 122.4434 5 3.3954003887303372 7.4627 10 12.518758646698274 14.9254 20 23.74914337631165 29.8507 40 50.565112637064914 59.7015 134.3284
0.33 16.0 37 1 0 421 200.9000 142.2807 5 3.290909648947803 7.4627 10 12.442253363019404 14.9254 20 31.051686505752087 29.8507 40 59.06909972505045 59.7015 134.3284
0.33 16.0 41 1 0 382 200.1432 118.9077 5 3.6135961047207843 7.4627 10 20.121433638331723 14.9254 20 29.454722274262537 29.8507 40 56.082758954139905 59.7015 134.3284
0.33 16.0 59 1 0 383 200.0901 144.7585 5 6.4018987521722295 7.4627 10 16.00349079716605 14.9254 20 30.457992811534552 29.8507 40 62.76967596576816 59.7015 134.3284
0.33 16.0 67 1 0 406 201.4636 114.7819 5 7.2225927003183585 7.4627 10 10.674035522602821 14.9254 20 27.518535022152264 29.8507 40 47.632262412949785 59.7015 134.3284
0.33 16.0 73 1 0 402 201.1867 160.2686 5 5.630779323436968 7.4627 10 9.030785770016848 14.9254 20 32.481808434859005 29.8507 40 58.31049562695003 59.7015 134.3284
0.33 16.0 89 1 0 421 202.1291 122.0913 5 14.573752355757932 7.4627 10 17.444230015648685 14.9254 20 38.677479065510084 29.8507 40 56.89163168731355 59.7015 134.3284
0.33 16.0 97 1 0 361 205.2328 155.9609 5 13.894441616579144 7.4627 10 18.326145503744954 14.9254 20 28.99136478521126 29.8507 40 58.93144949256168 59.7015 134.3284
0.33 16.0 101 1 0 424 200.4749 84.2715 5 5.405485694908009 7.4627 10 8.674615228511158 14.9254 20 15.191376563997835 29.8507 40 36.21984720711967 59.7015 134.3284
0.33 16.0 113 1 0 415 202.0588 124.5664 5 8.384772488688355 7.4627 10 10.020397207076144 14.9254 20 34.51547472558647 29.8507 40 68.41111886986627 59.7015 134.3284
0.33 16.0 127 1 0 408 200.5277 122.1263 5 12.000318558334158 7.4627 10 16.404460337831807 14.9254 20 27.814443904338617 29.8507 40 53.110203683959924 59.7015 134.3284
0.33 20.0 11 1 0 406 200.2642 152.4520 5 11.148580595548822 7.4627 10 18.052908530800494 14.9254 20 35.564226755424556 29.8507 40 60.01658698968379 59.7015 134.3284
0.33 20.0 23 1 0 418 202.4928 122.4434 5 3.3954003887303372 7.4627 10 12.518758646698274 14.9254 20 23.74914337631165 29.8507 40 50.565112637064914 59.7015 134.3284
0.33 20.0 37 1 0 421 200.9000 142.2807 5 3.290909648947803 7.4627 10 12.442253363019404 14.9254 20 31.051686505752087 29.8507 40 59.06909972505045 59.7015 134.3284
0.33 20.0 41 1 0 382 200.1432 118.9077 5 3.6135961047207843 7.4627 10 20.121433638331723 14.9254 20 29.454722274262537 29.8507 40 56.082758954139905 59.7015 134.3284
0.33 20.0 59 1 0 383 200.0901 144.7585 5 6.4018987521722295 7.4627 10 16.00349079716605 14.9254 20 30.457992811534552 29.8507 40 62.76967596576816 59.7015 134.3284
0.33 20.0 67 1 0 406 201.4636 114.7819 5 7.2225927003183585 7.4627 10 10.674035522602821 14.9254 20 27.518535022152264 29.8507 40 47.632262412949785 59.7015 134.3284
0.33 20.0 73 1 0 402 201.1867 160.2686 5 5.630779323436968 7.4627 10 9.030785770016848 14.9254 20 32.481808434859005 29.8507 40 58.31049562695003 59.7015 134.3284
0.33 20.0 89 1 0 421 202.1291 122.0913 5 14.573752355757932 7.4627 10 17.444230015648685 14.9254 20 38.677479065510084 29.8507 40 56.89163168731355 59.7015 134.3284
0.33 20.0 97 1 0 361 205.2328 155.9609 5 13.894441616579144 7.4627 10 18.326145503744954 14.9254 20 28.99136478521126 29.8507 40 58.93144949256168 59.7015 134.3284
0.33 20.0 101 1 0 424 200.4749 84.2715 5 5.405485694908009 7.4627 10 8.674615228511158 14.9254 20 15.191376563997835 29.8507 40 36.21984720711967 59.7015 134.3284
0.33 20.0 113 1 0 415 202.0588 124.5664 5 8.384772488688355 7.4627 10 10.020397207076144 14.9254 20 34.51547472558647 29.8507 40 68.41111886986627 59.7015 134.3284
0.33 20.0 127 1 0 408 200.5277 122.1263 5 12.000318558334158 7.4627 10 16.404460337831807 14.9254 20 27.814443904338617 29.8507 40 53.110203683959924 59.7015 134.3284
0.4 1.0 11 0 0 406 200.2642 168.4745 8 16.962280245443367 13.3333 18 35.455902740516365 30.0000 35 59.099515619864235 58.3333 69 125.29118244982823 115.0000 150.0000
0.4 1.0 23 0 0 418 202.4928 131.5128 8 7.254143565790798 13.3333 18 22.398257396155486 30.0000 35 47.243453748490396 58.3333 69 99.34141940982795 115.0000 150.0000
0.4 1.0 37 1 0 421 200.9000 152.9919 8 7.87092493598351 13.3333 18 30.660092069820195 30.0000 35 57.04433384510125 58.3333 69 122.19573682090206 115.0000 150.0000
0.4 1.0 41 1 0 382 200.1432 133.0020 8 20.121433638331723 13.3333 18 30.376525713653308 30.0000 35 56.17272681671906 58.3333 69 100.08920371471302 115.0000 150.0000
0.4 1.0 59 0 0 383 200.0901 158.7287 8 12.102917821443981 13.3333 18 30.457992811534552 30.0000 35 53.79643680119287 58.3333 69 109.30663505253722 115.0000 150.0000
0.4 1.0 67 0 0 406 202.8481 144.7228 8 8.27564451271303 13.3333 18 26.134104887442675 30.0000 35 46.247832278240196 58.3333 69 96.53348889682718 115.0000 150.0000
0.4 1.0 73 0 0 402 201.1867 168.3777 8 8.089612506120801 13.3333 18 30.96903275123475 30.0000 35 57.70601002726144 58.3333 69 132.38270115167464 115.0000 150.0000
0.4 1.0 89 0 0 421 202.1291 132.7868 8 17.41256093368912 13.3333 18 41.21035977600641 30.0000 35 59.402513876859615 58.3333 69 105.46009921941496 115.0000 150.0000
0.4 1.0 97 0 0 361 205.2328 173.3775 8 16.973814940948216 13.3333 18 27.951543384292023 30.0000 35 58.61660271830095 58.3333 69 128.49745336924747 115.0000 150.0000
0.4 1.0 101 0 0 424 200.4749 106.7100 8 7.345406208904876 13.3333 18 14.836960773548299 30.0000 35 35.937567599580916 58.3333 69 71.52828113458793 115.0000 150.0000
0.4 1.0 113 0 0 415 202.0588 145.0267 8 10.020397207076144 13.3333 18 36.392979637414555 30.0000 35 69.67280350850322 58.3333 69 108.30676741932618 115.0000 150.0000
0.4 1.0 127 1 0 408 200.5277 133.7052 8 15.37353430558801 13.3333 18 26.711086245537672 30.0000 35 50.21599332606917 58.3333 69 105.37327575874633 115.0000 150.0000
0.4 4.0 11 1 0 406 200.2642 168.4745 8 16.962280245443367 13.3333 18 35.455902740516365 30.0000 35 59.099515619864235 58.3333 69 125.29118244982823 115.0000 150.0000
0.4 4.0 23 1 0 418 202.4928 131.5128 8 7.254143565790798 13.3333 18 22.398257396155486 30.0000 35 47.243453748490396 58.3333 69 99.34141940982795 115.0000 150.0000
0.4 4.0 37 2 0 421 200.9000 152.9919 8 7.87092493598351 13.3333 18 30.660092069820195 30.0000 35 57.04433384510125 58.3333 69 122.19573682090206 115.0000 150.0000
0.4 4.0 41 2 0 382 200.1432 133.0020 8 20.121433638331723 13.3333 18 30.376525713653308 30.0000 35 56.17272681671906 58.3333 69 100.08920371471302 115.0000 150.0000
0.4 4.0 59 1 0 383 200.0901 158.7287 8 12.102917821443981 13.3333 18 30.457992811534552 30.0000 35 53.79643680119287 58.3333 69 109.30663505253722 115.0000 150.0000
0.4 4.0 67 1 0 406 202.8481 144.7228 8 8.27564451271303 13.3333 18 26.134104887442675 30.0000 35 46.247832278240196 58.3333 69 96.53348889682718 115.0000 150.0000
0.4 4.0 73 1 0 402 201.1867 168.3777 8 8.089612506120801 13.3333 18 30.96903275123475 30.0000 35 57.70601002726144 58.3333 69 132.38270115167464 115.0000 150.0000
0.4 4.0 89 1 0 421 202.1291 132.7868 8 17.41256093368912 13.3333 18 41.21035977600641 30.0000 35 59.402513876859615 58.3333 69 105.46009921941496 115.0000 150.0000
0.4 4.0 97 1 0 361 205.2328 173.3775 8 16.973814940948216 13.3333 18 27.951543384292023 30.0000 35 58.61660271830095 58.3333 69 128.49745336924747 115.0000 150.0000
0.4 4.0 101 1 0 424 200.4749 106.7100 8 7.345406208904876 13.3333 18 14.836960773548299 30.0000 35 35.937567599580916 58.3333 69 71.52828113458793 115.0000 150.0000
0.4 4.0 113 2 0 415 202.0588 145.0267 8 10.020397207076144 13.3333 18 36.392979637414555 30.0000 35 69.67280350850322 58.3333 69 108.30676741932618 115.0000 150.0000
0.4 4.0 127 1 0 408 200.5277 133.7052 8 15.37353430558801 13.3333 18 26.711086245537672 30.0000 35 50.21599332606917 58.3333 69 105.37327575874633 115.0000 150.0000
0.4 16.0 11 2 0 406 200.2642 168.4745 8 16.962280245443367 13.3333 18 35.455902740516365 30.0000 35 59.099515619864235 58.3333 69 125.29118244982823 115.0000 150.0000
0.4 16.0 23 1 0 418 202.4928 131.5128 8 7.254143565790798 13.3333 18 22.398257396155486 30.0000 35 47.243453748490396 58.3333 69 99.34141940982795 115.0000 150.0000
0.4 16.0 37 2 0 421 200.9000 152.9919 8 7.87092493598351 13.3333 18 30.660092069820195 30.0000 35 57.04433384510125 58.3333 69 122.19573682090206 115.0000 150.0000
0.4 16.0 41 2 0 382 200.1432 133.0020 8 20.121433638331723 13.3333 18 30.376525713653308 30.0000 35 56.17272681671906 58.3333 69 100.08920371471302 115.0000 150.0000
0.4 16.0 59 2 0 383 200.0901 158.7287 8 12.102917821443981 13.3333 18 30.457992811534552 30.0000 35 53.79643680119287 58.3333 69 109.30663505253722 115.0000 150.0000
0.4 16.0 67 2 0 406 202.8481 144.7228 8 8.27564451271303 13.3333 18 26.134104887442675 30.0000 35 46.247832278240196 58.3333 69 96.53348889682718 115.0000 150.0000
0.4 16.0 73 1 0 402 201.1867 168.3777 8 8.089612506120801 13.3333 18 30.96903275123475 30.0000 35 57.70601002726144 58.3333 69 132.38270115167464 115.0000 150.0000
0.4 16.0 89 2 0 421 202.1291 132.7868 8 17.41256093368912 13.3333 18 41.21035977600641 30.0000 35 59.402513876859615 58.3333 69 105.46009921941496 115.0000 150.0000
0.4 16.0 97 1 0 361 205.2328 173.3775 8 16.973814940948216 13.3333 18 27.951543384292023 30.0000 35 58.61660271830095 58.3333 69 128.49745336924747 115.0000 150.0000
0.4 16.0 101 1 0 424 200.4749 106.7100 8 7.345406208904876 13.3333 18 14.836960773548299 30.0000 35 35.937567599580916 58.3333 69 71.52828113458793 115.0000 150.0000
0.4 16.0 113 2 0 415 202.0588 145.0267 8 10.020397207076144 13.3333 18 36.392979637414555 30.0000 35 69.67280350850322 58.3333 69 108.30676741932618 115.0000 150.0000
0.4 16.0 127 2 0 408 200.5277 133.7052 8 15.37353430558801 13.3333 18 26.711086245537672 30.0000 35 50.21599332606917 58.3333 69 105.37327575874633 115.0000 150.0000
0.4 20.0 11 2 0 406 200.2642 168.4745 8 16.962280245443367 13.3333 18 35.455902740516365 30.0000 35 59.099515619864235 58.3333 69 125.29118244982823 115.0000 150.0000
0.4 20.0 23 1 0 418 202.4928 131.5128 8 7.254143565790798 13.3333 18 22.398257396155486 30.0000 35 47.243453748490396 58.3333 69 99.34141940982795 115.0000 150.0000
0.4 20.0 37 2 0 421 200.9000 152.9919 8 7.87092493598351 13.3333 18 30.660092069820195 30.0000 35 57.04433384510125 58.3333 69 122.19573682090206 115.0000 150.0000
0.4 20.0 41 2 0 382 200.1432 133.0020 8 20.121433638331723 13.3333 18 30.376525713653308 30.0000 35 56.17272681671906 58.3333 69 100.08920371471302 115.0000 150.0000
0.4 20.0 59 2 0 383 200.0901 158.7287 8 12.102917821443981 13.3333 18 30.457992811534552 30.0000 35 53.79643680119287 58.3333 69 109.30663505253722 115.0000 150.0000
0.4 20.0 67 2 0 406 202.8481 144.7228 8 8.27564451271303 13.3333 18 26.134104887442675 30.0000 35 46.247832278240196 58.3333 69 96.53348889682718 115.0000 150.0000
0.4 20.0 73 1 0 402 201.1867 168.3777 8 8.089612506120801 13.3333 18 30.96903275123475 30.0000 35 57.70601002726144 58.3333 69 132.38270115167464 115.0000 150.0000
0.4 20.0 89 2 0 421 202.1291 132.7868 8 17.41256093368912 13.3333 18 41.21035977600641 30.0000 35 59.402513876859615 58.3333 69 105.46009921941496 115.0000 150.0000
0.4 20.0 97 1 0 361 205.2328 173.3775 8 16.973814940948216 13.3333 18 27.951543384292023 30.0000 35 58.61660271830095 58.3333 69 128.49745336924747 115.0000 150.0000
0.4 20.0 101 1 0 424 200.4749 106.7100 8 7.345406208904876 13.3333 18 14.836960773548299 30.0000 35 35.937567599580916 58.3333 69 71.52828113458793 115.0000 150.0000
0.4 20.0 113 2 0 415 202.0588 145.0267 8 10.020397207076144 13.3333 18 36.392979637414555 30.0000 35 69.67280350850322 58.3333 69 108.30676741932618 115.0000 150.0000
0.4 20.0 127 2 0 408 200.5277 133.7052 8 15.37353430558801 13.3333 18 26.711086245537672 30.0000 35 50.21599332606917 58.3333 69 105.37327575874633 115.0000 150.0000
