=== A1b · ¿SATURAN las COPIAS? (familia GLOBAL de 8 estrategias, C hasta 60) ===
k=30, mp=15, horizonte 260 s, u3_mode=dynamic, P=30, 21 umbrales,
semillas 1..12, D=32, W=30 s, granularidad de slot = 1 s.
`m` absoluto NO comparable con A1/D9-e (familia menor); comparar FILAS.

    C  alpha |  m_BS med  m_BS max  apBS/21 |  m_SL med  m_SL max  apSL/21 |  nuevas
    0   0.00 |     1.000         1    21.00 |     1.000         1    21.00 |      96
    6   0.00 |     1.000         1     0.00 |     1.000         1     0.00 |      96
   14   0.00 |     1.000         1     0.00 |     1.000         1     0.00 |      96
   30   0.00 |     1.000         1     0.00 |     1.000         1     0.00 |      96
   60   0.00 |     1.000         1     0.00 |     1.000         1     0.00 |      96

    0   0.10 |     3.087         6    21.00 |     1.857         4    21.00 |      96
    6   0.10 |     3.187         7     1.92 |     1.925         4     1.42 |      96
   14   0.10 |     3.694         8     8.58 |     2.155         5     4.00 |      96
   30   0.10 |     4.278         9    10.58 |     2.171         5     0.33 |      96
   60   0.10 |     4.806        10     9.75 |     2.250         6     1.67 |      96

    0   0.25 |     4.008         6    21.00 |     1.925         3    21.00 |      96
    6   0.25 |     4.889         8    13.58 |     2.143         4     4.33 |      96
   14   0.25 |     6.179        10    16.67 |     2.353         5     4.42 |      96
   30   0.25 |     7.155        11    16.00 |     2.377         5     0.50 |      96
   60   0.25 |     7.464        11     6.50 |     2.452         6     1.58 |      96

    0   0.40 |     3.996         6    21.00 |     2.325         5    21.00 |      96
    6   0.40 |     5.254         9    16.17 |     2.508         5     3.50 |      96
   14   0.40 |     7.254        12    18.83 |     2.976         6     8.83 |      96
   30   0.40 |     8.429        14    16.00 |     2.980         6     0.08 |      96
   60   0.40 |     8.849        16     7.08 |     2.980         6     0.00 |      96

[407 s]
