=== A1 · SATURACION del menu `m` del ancla blue_score ===
k=30, mp=15, lambda=1, Delta=4, horizonte 700 s, u3_mode=dynamic, P=120, T0+-10 (21 umbrales), semillas 1..12.
Peso 1 (D9-e reprodujo a D9-d cifra a cifra con peso real: +-3 %). Adversario del
paper (sin retardo). Menu contado sobre `seed`, fijado en la creacion.
`viol.banda` = veces que blue_score(ancla)-T salio FUERA de [0,k] (Lema B1).

=== Barrido D · profundidad maxima de `retro` (W=30 s, sin copias) ===
  nivel  alpha |   m medio  m max |  nuevas  aporta/21 | viol.banda |cad(tP)|   nota
      0   0.00 |     1.000      1 |      12      21.00 |               121.0       
      1   0.00 |     1.000      1 |       0       0.00 |               121.0       
      2   0.00 |     1.000      1 |       0       0.00 |               121.0       
      4   0.00 |     1.000      1 |       0       0.00 |               121.0       
      8   0.00 |     1.000      1 |       0       0.00 |               121.0       
     16   0.00 |     1.000      1 |       0       0.00 |               121.0       
     32   0.00 |     1.000      1 |       0       0.00 |               121.0       
     64   0.00 |     1.000      1 |       0       0.00 |               121.0       
    128   0.00 |     1.000      1 |       0       0.00 |               121.0  DEGEN
    256   0.00 |     1.000      1 |       0       0.00 |          0    121.0  DEGEN

      0   0.10 |     1.401      3 |     103      21.00 |               121.0       
      1   0.10 |     2.198      4 |      91      13.08 |               121.0       
      2   0.10 |     2.329      5 |      91       2.67 |               121.0       
      4   0.10 |     2.333      5 |      91       0.08 |               121.0       
      8   0.10 |     3.270      6 |      91      14.00 |               121.0       
     16   0.10 |     3.639      7 |      91       6.75 |               121.0       
     32   0.10 |     3.639      7 |      91       0.00 |               121.0       
     64   0.10 |     3.639      7 |      91       0.00 |               121.0       
    128   0.10 |     3.639      7 |      91       0.00 |               121.0  DEGEN
    256   0.10 |     3.639      7 |      91       0.00 |          0    121.0  DEGEN

      0   0.25 |     1.591      3 |     203      21.00 |               121.0       
      1   0.25 |     2.496      4 |     191      14.08 |               121.0       
      2   0.25 |     2.615      5 |     191       2.50 |               121.0       
      4   0.25 |     2.687      6 |     191       1.50 |               121.0       
      8   0.25 |     3.230      7 |     191      11.42 |               121.0       
     16   0.25 |     4.385      9 |     191      17.08 |               121.0       
     32   0.25 |     4.770     10 |     191       7.67 |               121.0       
     64   0.25 |     4.770     10 |     191       0.00 |               121.0       
    128   0.25 |     4.770     10 |     191       0.00 |               121.0  DEGEN
    256   0.25 |     4.770     10 |     191       0.00 |          0    121.0  DEGEN

      0   0.40 |     1.548      3 |     319      21.00 |               121.0       
      1   0.40 |     2.837      4 |     307      18.17 |               121.0       
      2   0.40 |     3.075      6 |     307       4.42 |               121.0       
      4   0.40 |     3.238      6 |     307       3.42 |               121.0       
      8   0.40 |     3.790      7 |     307      11.58 |               121.0       
     16   0.40 |     4.754      8 |     307      18.67 |               121.0       
     32   0.40 |     5.571      9 |     307      14.25 |               121.0       
     64   0.40 |     5.571      9 |     307       0.00 |               121.0       
    128   0.40 |     5.571      9 |     307       0.00 |               121.0  DEGEN
    256   0.40 |     5.571      9 |     307       0.00 |          0    121.0  DEGEN


[367 s]
