=== A1 · SATURACION del menu `m` del ancla blue_score ===
k=30, mp=15, lambda=1, Delta=4, horizonte 260 s, u3_mode=dynamic, P=30, T0+-10 (21 umbrales), semillas 1..12.
Peso 1 (D9-e reprodujo a D9-d cifra a cifra con peso real: +-3 %). Adversario del
paper (sin retardo). Menu contado sobre `seed`, fijado en la creacion.
`viol.banda` = veces que blue_score(ancla)-T salio FUERA de [0,k] (Lema B1).

=== Barrido D · profundidad maxima de `retro` (W=30 s, sin copias) ===
  nivel  alpha |   m medio  m max |  nuevas  aporta/21 | viol.banda
      0   0.00 |     1.000      1 |      12      21.00 |           
      1   0.00 |     1.000      1 |       0       0.00 |           
      2   0.00 |     1.000      1 |       0       0.00 |           
      4   0.00 |     1.000      1 |       0       0.00 |           
      8   0.00 |     1.000      1 |       0       0.00 |           
     16   0.00 |     1.000      1 |       0       0.00 |           
     32   0.00 |     1.000      1 |       0       0.00 |           
     64   0.00 |     1.000      1 |       0       0.00 |           
    128   0.00 |     1.000      1 |       0       0.00 |           
    256   0.00 |     1.000      1 |       0       0.00 |          0

      0   0.10 |     1.460      3 |     106      21.00 |           
      1   0.10 |     2.143      4 |      94      12.58 |           
      2   0.10 |     2.238      5 |      94       2.00 |           
      4   0.10 |     2.329      5 |      94       1.92 |           
      8   0.10 |     3.147      6 |      94      12.33 |           
     16   0.10 |     3.655      7 |      94       8.75 |           
     32   0.10 |     3.667      7 |      94       0.25 |           
     64   0.10 |     3.667      7 |      94       0.00 |           
    128   0.10 |     3.667      7 |      94       0.00 |           
    256   0.10 |     3.667      7 |      94       0.00 |          0

      0   0.25 |     1.710      3 |     223      21.00 |           
      1   0.25 |     2.722      4 |     211      16.42 |           
      2   0.25 |     2.829      5 |     211       2.08 |           
      4   0.25 |     3.044      5 |     211       4.50 |           
      8   0.25 |     3.913      7 |     211      16.50 |           
     16   0.25 |     4.766      8 |     211      14.58 |           
     32   0.25 |     4.972      8 |     211       4.33 |           
     64   0.25 |     4.972      8 |     211       0.00 |           
    128   0.25 |     4.972      8 |     211       0.00 |           
    256   0.25 |     4.972      8 |     211       0.00 |          0

      0   0.40 |     1.742      3 |     309      21.00 |           
      1   0.40 |     2.913      4 |     297      17.58 |           
      2   0.40 |     3.016      5 |     297       2.08 |           
      4   0.40 |     3.274      6 |     297       5.42 |           
      8   0.40 |     3.877      7 |     297      12.67 |           
     16   0.40 |     4.615      7 |     297      14.17 |           
     32   0.40 |     4.829      7 |     297       4.25 |           
     64   0.40 |     4.829      7 |     297       0.00 |           
    128   0.40 |     4.829      7 |     297       0.00 |           
    256   0.40 |     4.829      7 |     297       0.00 |          0


[48 s]
