=== C.1 · delta_0(Delta, k, lambda) medido, alpha = 0, 12 semillas ===
instrumento: r9a_a1b_control.py (MundoL9, maniobra parasita J=31, u3=dynamic), ventana (60, T-60], horizonte 1800/lambda s.
3216 corridas (18 Delta x 7 k x 2 lambda x 12 semillas, mas el control de alpha).

[305 s de simulacion]

--- lambda = 1.0 b/s, alpha = 0 ---
 Delta  2*D*lam |     k=30     k=35     k=40     k=45     k=50     k=55     k=60 |  H(k=30)  pad(k=30)  pad(k=60)
     2      4.0 |   0.0000   0.0000   0.0000   0.0000   0.0000   0.0000   0.0000 |     1665       2.96       2.96
     4      8.0 |   0.0000   0.0000   0.0000   0.0000   0.0000   0.0000   0.0000 |     1665       4.92       4.92
     6     12.0 |   0.0000   0.0000   0.0000   0.0000   0.0000   0.0000   0.0000 |     1665       6.90       6.90
     8     16.0 |   0.0020   0.0001   0.0000   0.0000   0.0000   0.0000   0.0000 |     1665       8.82       8.84
    10     20.0 |   0.0219   0.0041   0.0005   0.0002   0.0000   0.0000   0.0000 |     1665      10.65      10.73
    12     24.0 |   0.0828   0.0296   0.0084   0.0020   0.0002   0.0000   0.0000 |     1665      12.18      12.39
    14     28.0 |   0.1873   0.0967   0.0446   0.0152   0.0036   0.0011   0.0003 |     1665      13.32      13.71
    16     32.0 |   0.2858   0.1905   0.1157   0.0603   0.0248   0.0088   0.0033 |     1665      14.11      14.63
    18     36.0 |   0.3725   0.2851   0.2060   0.1384   0.0838   0.0416   0.0212 |     1665      14.57      15.19
    20     40.0 |   0.4428   0.3587   0.2910   0.2219   0.1617   0.1085   0.0684 |     1665      14.75      15.51
    22     44.0 |   0.4999   0.4260   0.3672   0.3033   0.2426   0.1857   0.1450 |     1665      14.76      15.67
    24     48.0 |   0.5401   0.4803   0.4290   0.3698   0.3128   0.2639   0.2199 |     1665      14.75      15.72
    26     52.0 |   0.5754   0.5274   0.4765   0.4299   0.3792   0.3285   0.2843 |     1665      14.73      15.71
    28     56.0 |   0.6063   0.5637   0.5194   0.4766   0.4269   0.3875   0.3476 |     1665      14.71      15.69
    30     60.0 |   0.6319   0.5897   0.5506   0.5116   0.4721   0.4338   0.3977 |     1665      14.70      15.67
    32     64.0 |   0.6526   0.6137   0.5802   0.5478   0.5101   0.4727   0.4441 |     1665      14.68      15.65
    36     72.0 |   0.6859   0.6546   0.6237   0.5976   0.5662   0.5369   0.5094 |     1665      14.65      15.62
    40     80.0 |   0.7106   0.6834   0.6599   0.6345   0.6101   0.5836   0.5617 |     1665      14.61      15.58

--- lambda = 0.5 b/s, alpha = 0 ---
 Delta  2*D*lam |     k=30     k=35     k=40     k=45     k=50     k=55     k=60 |  H(k=30)  pad(k=30)  pad(k=60)
     2      2.0 |   0.0000   0.0000   0.0000   0.0000   0.0000   0.0000   0.0000 |     1725       1.98       1.98
     4      4.0 |   0.0000   0.0000   0.0000   0.0000   0.0000   0.0000   0.0000 |     1725       2.96       2.96
     6      6.0 |   0.0000   0.0000   0.0000   0.0000   0.0000   0.0000   0.0000 |     1725       3.93       3.93
     8      8.0 |   0.0000   0.0000   0.0000   0.0000   0.0000   0.0000   0.0000 |     1725       4.92       4.92
    10     10.0 |   0.0000   0.0000   0.0000   0.0000   0.0000   0.0000   0.0000 |     1725       5.93       5.93
    12     12.0 |   0.0000   0.0000   0.0000   0.0000   0.0000   0.0000   0.0000 |     1725       6.90       6.90
    14     14.0 |   0.0002   0.0000   0.0000   0.0000   0.0000   0.0000   0.0000 |     1725       7.86       7.87
    16     16.0 |   0.0022   0.0000   0.0000   0.0000   0.0000   0.0000   0.0000 |     1725       8.82       8.84
    18     18.0 |   0.0080   0.0012   0.0000   0.0000   0.0000   0.0000   0.0000 |     1725       9.76       9.80
    20     20.0 |   0.0225   0.0041   0.0004   0.0001   0.0000   0.0000   0.0000 |     1725      10.65      10.73
    22     22.0 |   0.0466   0.0121   0.0026   0.0003   0.0000   0.0000   0.0000 |     1725      11.47      11.60
    24     24.0 |   0.0835   0.0303   0.0085   0.0019   0.0001   0.0000   0.0000 |     1725      12.18      12.39
    26     26.0 |   0.1364   0.0592   0.0228   0.0055   0.0009   0.0000   0.0000 |     1725      12.80      13.09
    28     28.0 |   0.1878   0.0970   0.0451   0.0153   0.0034   0.0011   0.0002 |     1725      13.32      13.71
    30     30.0 |   0.2369   0.1429   0.0784   0.0347   0.0112   0.0039   0.0010 |     1725      13.75      14.21
    32     32.0 |   0.2869   0.1906   0.1162   0.0609   0.0249   0.0090   0.0036 |     1725      14.11      14.63
    36     36.0 |   0.3732   0.2861   0.2082   0.1392   0.0844   0.0424   0.0219 |     1725      14.57      15.19
    40     40.0 |   0.4443   0.3603   0.2931   0.2238   0.1629   0.1107   0.0706 |     1725      14.75      15.51

--- COBERTURA y coste de coloreado (alpha = 0, lambda = 1) ---
 Delta    k |   n_blk  padres  mergeset  cadena/blq  blue_ant/blq  cand/blq
     4   30 |    1785    4.92      4.92       14.53         19.51      3.92
     4   35 |    1785    4.92      4.92       14.53         19.51      3.92
     4   40 |    1785    4.92      4.92       14.53         19.51      3.92
     4   45 |    1785    4.92      4.92       14.53         19.51      3.92
     4   50 |    1785    4.92      4.92       14.53         19.51      3.92
     4   55 |    1785    4.92      4.92       14.53         19.51      3.92
     4   60 |    1785    4.92      4.92       14.53         19.51      3.92

    12   30 |    1785   12.18     12.92       44.35        138.99     11.93
    12   35 |    1785   12.39     12.80       45.47        148.38     11.81
    12   40 |    1785   12.39     12.76       45.98        153.25     11.77
    12   45 |    1785   12.39     12.75       46.13        154.72     11.76
    12   50 |    1785   12.39     12.75       46.17        155.10     11.76
    12   55 |    1785   12.39     12.75       46.17        155.12     11.75
    12   60 |    1785   12.39     12.75       46.17        155.12     11.75

    20   30 |    1785   14.75     21.83       64.35        240.48     20.84
    20   35 |    1785   15.61     21.80       67.02        274.48     20.82
    20   40 |    1785   15.56     21.45       70.35        309.88     20.47
    20   45 |    1785   15.54     21.25       73.40        351.91     20.27
    20   50 |    1785   15.54     21.04       76.52        392.24     20.06
    20   55 |    1785   15.53     20.86       78.75        426.89     19.88
    20   60 |    1785   15.51     20.70       80.82        455.63     19.72

    32   30 |    1785   14.68     28.16       77.46        302.95     27.17
    32   35 |    1785   15.65     29.84       83.15        351.65     28.84
    32   40 |    1785   15.65     30.48       89.34        415.64     29.49
    32   45 |    1785   15.65     30.25       92.54        454.09     29.26
    32   50 |    1785   15.65     30.70       97.92        520.82     29.72
    32   55 |    1785   15.65     30.35      100.34        568.95     29.36
    32   60 |    1785   15.65     30.45      103.39        626.82     29.46

--- CRITERIO ALPHA: mismo instrumento con alpha = 0.35 ---
 lambda  Delta    k |  delta_0 (a=0)  delta (a=0,35)  rafagas   Wpub/H
   1.00      4   30 |         0.0000          0.3066     19.9   1.1789
   1.00      4   60 |         0.0000          0.0595     19.9   1.4872
   1.00     12   30 |         0.0828          0.4041     19.9   1.1008
   1.00     12   60 |         0.0000          0.0887     19.9   1.4577
   1.00     20   30 |         0.4428          0.5927     19.9   0.9360
   1.00     20   60 |         0.0684          0.1732     19.9   1.3760
   1.00     32   30 |         0.6526          0.7593     19.9   0.7899
   1.00     32   60 |         0.4441          0.5308     19.9   1.0184
   0.50      4   30 |         0.0000          0.2889     19.9   1.1908
   0.50      4   60 |         0.0000          0.0501     19.9   1.4901
   0.50     12   30 |         0.0000          0.3239     19.9   1.1611
   0.50     12   60 |         0.0000          0.0657     19.9   1.4755
   0.50     20   30 |         0.0225          0.3764     19.9   1.1216
   0.50     20   60 |         0.0000          0.0782     19.9   1.4625
   0.50     32   30 |         0.2869          0.4971     19.9   1.0179
   0.50     32   60 |         0.0036          0.1072     19.9   1.4340

(si delta no cambiara con alpha, no seria una simulacion: regla 4)

-> c1_delta0.json escrito. [305 s]
