=== A0b · frontera: ¿cuanto `epsilon` hace falta para que el peso decida? ===
k=30, mp=15, horizonte 260 s, 8 semillas, u3_mode=dynamic.
`sd(ln w)` = epsilon MEDIDO. `sp!=` = veces que el padre seleccionado por PESO
no es el que elegiria el CONTEO. `cad dif` = bloques de cadena que cambian.

   modo  alpha   W (s)   gam |  sd(ln w)        rango ln w  clamps |  sp llam     w!=   sp!= |  sort llam  sort!= |  cad dif   1er
 desliz   0.00  3083.0  0.25 |    0.0000    [+0.00, +0.00]       0 |     1897       0      0 |       1692       0 |        0   nan
 desliz   0.00    80.0  0.25 |    0.0188    [-0.09, +0.07]       0 |     1897     998      0 |       1692       0 |        0   nan
 desliz   0.00    40.0  0.25 |    0.0426    [-0.20, +0.18]       0 |     1897    1215      0 |       1692       0 |        0   nan
 desliz   0.00    20.0  0.25 |    0.1010    [-0.31, +0.53]       0 |     1897    1379      0 |       1692       0 |        0   nan
 desliz   0.00    20.0  1.00 |    0.4039    [-1.26, +2.10]       0 |     1897    1379      0 |       1692       0 |        0   nan
 desliz   0.00    10.0  1.00 |    0.8598    [-1.89, +3.00]      64 |     1897    1408      0 |       1692       0 |        0   nan
 desliz   0.00    10.0  1.90 |    1.1824    [-3.00, +3.00]     461 |     1897    1244      0 |       1692       0 |        0   nan
 desliz   0.00     5.0  1.90 |    1.0772    [-3.00, +3.00]    1081 |     1897     892      0 |       1692       0 |        0   nan
 desliz   0.00     5.0  6.00 |    1.6346    [-3.00, +3.00]    1362 |     1897     756      0 |       1692       0 |        0   nan
 desliz   0.00     5.0 20.00 |    2.1443    [-3.00, +3.00]    1735 |     1897     559      0 |       1692       0 |        0   nan
 desliz   0.00     3.0 20.00 |    2.0636    [-3.00, +3.00]    1858 |     1897     488      0 |       1692       0 |        0   nan

 desliz   0.25  3083.0  0.25 |    0.0000    [+0.00, +0.00]       0 |     1056       0      0 |        396       0 |        0   nan
 desliz   0.25    80.0  0.25 |    0.0197    [-0.12, +0.06]       0 |     1056     414      0 |        396       0 |        0   nan
 desliz   0.25    40.0  0.25 |    0.0427    [-0.23, +0.18]       0 |     1056     507      0 |        396       0 |        0   nan
 desliz   0.25    20.0  0.25 |    0.0903    [-0.29, +0.41]       0 |     1056     571      0 |        396       0 |        0   nan
 desliz   0.25    20.0  1.00 |    0.3611    [-1.14, +1.65]       0 |     1056     571      0 |        396       0 |        0   nan
 desliz   0.25    10.0  1.00 |    0.8577    [-1.87, +3.00]      71 |     1056     589      0 |        396       0 |        0   nan
 desliz   0.25    10.0  1.90 |    1.2034    [-3.00, +3.00]     407 |     1056     545      0 |        396       0 |        0   nan
 desliz   0.25     5.0  1.90 |    1.3148    [-3.00, +3.00]     767 |     1056     460      0 |        396       0 |        0   nan
 desliz   0.25     5.0  6.00 |    1.9214    [-3.00, +3.00]    1226 |     1056     408      0 |        396       0 |        0   nan
 desliz   0.25     5.0 20.00 |    2.2796    [-3.00, +3.00]    1701 |     1056     314      0 |        396       0 |        0   nan
 desliz   0.25     3.0 20.00 |    2.3835    [-3.00, +3.00]    1858 |     1056     270      0 |        396       0 |        0   nan

  epoca   0.00  3083.0  0.25 |    0.0000    [+0.00, +0.00]       0 |     1897       0      0 |       1692       0 |        0   nan
  epoca   0.00    80.0  0.25 |    0.0158    [-0.10, +0.03]       0 |     1897     194      0 |       1692       0 |        0   nan
  epoca   0.00    40.0  0.25 |    0.0409    [-0.21, +0.05]       0 |     1897     435      0 |       1692       0 |        0   nan
  epoca   0.00    20.0  0.25 |    0.0915    [-0.46, +0.10]       0 |     1897     777      0 |       1692       0 |        0   nan
  epoca   0.00    20.0  1.00 |    0.3661    [-1.85, +0.38]       0 |     1897     777      0 |       1692       0 |        0   nan
  epoca   0.00    10.0  1.00 |    0.9694    [-3.00, +0.68]      59 |     1897    1150      0 |       1692       0 |        0   nan
  epoca   0.00    10.0  1.90 |    1.1411    [-3.00, +1.30]     173 |     1897    1072      0 |       1692       0 |        0   nan
  epoca   0.00     5.0  1.90 |    1.1804    [-3.00, +2.66]     529 |     1897    1191      0 |       1692       0 |        0   nan
  epoca   0.00     5.0  6.00 |    2.0924    [-3.00, +3.00]     794 |     1897    1097      0 |       1692       0 |        0   nan
  epoca   0.00     5.0 20.00 |    2.6106    [-3.00, +3.00]    1327 |     1897     868      0 |       1692       0 |        0   nan
  epoca   0.00     3.0 20.00 |    2.6421    [-3.00, +3.00]    1828 |     1897     850      0 |       1692       0 |        0   nan

  epoca   0.25  3083.0  0.25 |    0.0000    [+0.00, +0.00]       0 |     1056       0      0 |        396       0 |        0   nan
  epoca   0.25    80.0  0.25 |    0.0159    [-0.09, +0.03]       0 |     1056      27      0 |        396       0 |        0   nan
  epoca   0.25    40.0  0.25 |    0.0397    [-0.22, +0.06]       0 |     1056      61      0 |        396       0 |        0   nan
  epoca   0.25    20.0  0.25 |    0.0916    [-0.49, +0.12]       0 |     1056     142      0 |        396       0 |        0   nan
  epoca   0.25    20.0  1.00 |    0.3666    [-1.97, +0.47]       0 |     1056     142      0 |        396       0 |        0   nan
  epoca   0.25    10.0  1.00 |    0.8528    [-3.00, +0.79]      11 |     1056     270      0 |        396       0 |        0   nan
  epoca   0.25    10.0  1.90 |    1.0945    [-3.00, +1.49]      46 |     1056     253      0 |        396       0 |        0   nan
  epoca   0.25     5.0  1.90 |    1.1230    [-3.00, +2.04]     173 |     1056     358      0 |        396       0 |        0   nan
  epoca   0.25     5.0  6.00 |    2.1081    [-3.00, +3.00]     286 |     1056     337      0 |        396       0 |        0   nan
  epoca   0.25     5.0 20.00 |    2.6677    [-3.00, +3.00]     544 |     1056     278      0 |        396       0 |        0   nan
  epoca   0.25     3.0 20.00 |    2.8273    [-3.00, +3.00]     833 |     1056     329      0 |        396       0 |        0   nan

