DP de la carrera corta con contabilidad de masa (D2)
d  T      alpha  P_sup_lower   P_sup_upper   fuga       conserv
 3   50  0.20  3.906239e-03  3.906239e-03  0.00e+00  +2.9e-15
 3   50  0.40  1.827176e-01  1.827176e-01  0.00e+00  -2.2e-16
 3   50  0.45  3.528441e-01  3.528441e-01  0.00e+00  +1.8e-15
 3  200  0.20  3.906250e-03  3.906250e-03  0.00e+00  +1.1e-14
 3  200  0.40  1.973827e-01  1.973827e-01  1.05e-17  -4.4e-16
 3  200  0.45  4.352901e-01  4.352901e-01  4.74e-23  +6.4e-15
 6   50  0.20  6.103295e-05  6.103295e-05  0.00e+00  +2.9e-15
 6   50  0.40  4.683906e-02  4.683906e-02  0.00e+00  +2.2e-16
 6   50  0.45  1.400928e-01  1.400928e-01  0.00e+00  +2.7e-15
 6  200  0.20  6.103516e-05  6.103516e-05  0.00e+00  +1.1e-14
 6  200  0.40  5.839257e-02  5.839257e-02  1.25e-19  +4.4e-16
 6  200  0.45  2.295968e-01  2.295968e-01  3.35e-25  +9.1e-15
12   50  0.20  1.487988e-08  1.487988e-08  0.00e+00  +3.1e-15
12   50  0.40  2.243760e-03  2.243760e-03  0.00e+00  +2.2e-16
12   50  0.45  1.467302e-02  1.467302e-02  0.00e+00  +2.9e-15
12  200  0.20  1.490116e-08  1.490116e-08  0.00e+00  +1.2e-14
12  200  0.40  5.080633e-03  5.080633e-03  4.32e-22  +0.0e+00
12  200  0.45  6.055615e-02  6.055615e-02  5.76e-28  +1.1e-14

Empate vs superación (d=6, T=200, α=0.4):
  empate=[8.764951e-02, 8.764951e-02]  superar=[5.839257e-02, 5.839257e-02]

alpha_prob del baseline (p0=0.05, d=6, T=200):
  intervalo = (0.39466261863708496, 0.39466267824172974)
