==========================================================================================================
Snowball por agentes · n=3000 · 20 semillas · adversario siempre rojo
Decision: confianza d[color]>=beta_conf (Fig. 10) o consecutivo>=beta_cons (si >0).
Control positivo: k=10 q=6 (alpha=⌊k/2⌋+1 del paper) converge rápido; con k=10 q=8,
la viveza del paper exige f < (k-q)/k = 0,20 (:598-599).
==========================================================================================================

--- CONTROL k=10, q=6 y q=8, beta_conf=11, beta_cons=0, p0=1 ---
 alpha   q rondas_med  r90_med rondas_max  mixtas  con_rojo  dec_med
  0.00   6       11.0     11.0         11       0         0    1.000
  0.10   6       12.4     11.0         13       0         0    1.000
  0.20   6       15.0     12.0         16       0         0    1.000
  0.25   6       17.1     13.0         18       0         0    1.000
  0.33   6       24.4     17.6         27       0         0    1.000
  0.40   6       16.4     15.0         17       0        20    1.000
  0.00   8       11.0     11.0         11       0         0    1.000
  0.10   8       17.0     13.0         18       0         0    1.000
  0.20   8       29.6     20.0         35       0         0    1.000
  0.25   8       40.6     26.9         45       0         0    1.000
  0.33   8       76.5     48.1         83       0         0    1.000
  0.40   8      161.1    111.1        212       4         5    1.000

--- REJILLA ZEROX: alpha=0,33, p0=1, beta_conf variable ---
   k    q    q/k  bconf rondas_med  r90_med rondas_max  mixtas  con_rojo  dec_med
  10    7   0.70      5       23.2     13.0         28       0         0    1.000
  10    7   0.70     11       37.7     25.0         42       0         0    1.000
  10    7   0.70     20       58.6     42.6         64       0         0    1.000
  20   12   0.60      5       12.3      8.0         14       0         0    1.000
  20   12   0.60     11       21.8     16.0         24       0         0    1.000
  20   12   0.60     20       34.4     27.8         37       0         0    1.000
  20   13   0.65      5       17.5     10.0         21       0         0    1.000
  20   13   0.65     11       28.9     20.0         32       0         0    1.000
  20   13   0.65     20       45.9     35.0         50       0         0    1.000
  50   30   0.60      5       10.7      7.0         13       0         0    1.000
  50   30   0.60     11       18.7     14.0         21       0         0    1.000
  50   30   0.60     20       30.6     25.0         35       0         0    1.000
  50   32   0.64      5       14.9      9.0         16       0         0    1.000
  50   32   0.64     11       26.4     18.0         28       0         0    1.000
  50   32   0.64     20       40.9     31.6         45       0         0    1.000
 100   60   0.60      5        8.9      6.0         10       0         0    1.000
 100   60   0.60     11       16.1     13.0         18       0         0    1.000
 100   60   0.60     20       26.6     22.9         29       0         0    1.000
 100   65   0.65      5       16.3      9.0         19       0         0    1.000
 100   65   0.65     11       27.4     19.0         29       0         0    1.000
 100   65   0.65     20       42.9     32.9         46       0         0    1.000

--- ESTADO INICIAL PARTIDO (p0) con k=50, q=30, beta_conf=11, alpha=0,33 ---
   p0 rondas_med  r90_med rondas_max  mixtas  con_rojo  dec_med
 1.00       18.7     14.0         21       0         0    1.000
 0.90       19.7     15.0         26       0         0    1.000
 0.80       22.6     17.7         26       0         0    1.000
 0.70       13.0     13.0         13       0        20    1.000
 0.60       12.1     12.0         13       0        20    1.000
 0.50       12.0     12.0         12       0        20    1.000

--- SENSIBILIDAD AL RETARDO L (proxy de Δ) con k=50, q=30, beta_conf=11, alpha=0,33 ---
p0=1.0:
   L rondas_med  r90_med rondas_max  mixtas  con_rojo  dec_med
   0       18.7     14.0         21       0         0    1.000
   1       18.6     14.0         21       0         0    1.000
   2       18.8     14.0         21       0         0    1.000
   4       18.6     14.0         21       0         0    1.000
   8       18.8     14.0         21       0         0    1.000
  16       18.6     14.0         21       0         0    1.000
  20       18.6     14.0         21       0         0    1.000
p0=0.7:
   L rondas_med  r90_med rondas_max  mixtas  con_rojo  dec_med
   0       13.0     13.0         13       0        20    1.000
   1       15.0     14.0         15       0        20    1.000
   2       16.4     15.0         17       0        20    1.000
   4       18.2     17.0         19       0        20    1.000
   8       22.1     20.0         23       0        20    1.000
  16       29.8     27.0         30       0        20    1.000
  20       33.5     30.9         34       0        20    1.000

--- SENSIBILIDAD A alpha con k=50, q=30, beta_conf=11, p0=1 ---
 alpha rondas_med  r90_med rondas_max  mixtas  con_rojo  dec_med
  0.00       11.0     11.0         11       0         0    1.000
  0.10       11.0     11.0         11       0         0    1.000
  0.20       12.0     11.0         12       0         0    1.000
  0.25       13.1     11.0         14       0         0    1.000
  0.30       15.7     12.7         17       0         0    1.000
  0.33       18.7     14.0         21       0         0    1.000
  0.36       24.1     17.0         26       0         0    1.000
  0.40       38.4     25.0         44       0         0    1.000
  0.45       19.8     18.8         21       0        20    1.000
  0.49       14.1     14.0         15       0        20    1.000

--- SLUSH/SNOWFLAKE (sin amortiguamiento de confianza) vs SNOWBALL, alpha=0,33 ---
 alpha       modo    k    q rondas_med  r90_med  mixtas  con_rojo  dec_med
  0.20      slush   10    8       28.6     20.0       0         0    1.000
  0.20   snowball   10    8       29.6     20.0       0         0    1.000
  0.20      slush   50   30       12.0     11.0       0         0    1.000
  0.20   snowball   50   30       12.0     11.0       0         0    1.000
  0.33      slush   10    8       77.8     50.1       0         0    1.000
  0.33   snowball   10    8       76.5     48.1       0         0    1.000
  0.33      slush   50   30       18.9     14.0       0         0    1.000
  0.33   snowball   50   30       18.7     14.0       0         0    1.000

--- CONSECUTIVO + CONFIANZA (beta_cons=150 como el paper) con alpha=0,33 ---
k= 10 q=  6: rondas_med=24.4 r90=17.6 mixtas=0/20 con_rojo=0/20
k= 20 q= 12: rondas_med=21.8 r90=16.0 mixtas=0/20 con_rojo=0/20
k= 50 q= 30: rondas_med=18.7 r90=14.0 mixtas=0/20 con_rojo=0/20

