======================================================================================================================
A0 · VALIDACION del integrador rapido contra la simulacion paso a paso (1 s por paso)
======================================================================================================================
    rho       F     I  (h) |  max lento  max rapido     dif |  media lenta  media rapida     dif
   1.05    7200   851 False |     7220.5      7219.5    0.98 |       7200.3        7199.3    0.99
   1.05    3600   491 False |     3603.3      3602.4    0.97 |       3591.7        3590.7    1.01
   1.05    7200   851 True |       40.5        40.5    0.02 |         20.3          20.2    0.06
   1.05   19080  4200 False |    19260.0     19259.0    1.00 |      19160.1       19159.0    1.13
    1.2    7200   851 False |     7321.8      7320.8    0.97 |       7250.9        7249.9    0.99
    1.2    3600   491 False |     3661.8      3660.8    0.97 |       3620.9        3619.9    1.03
    1.2    7200   851 True |      141.8       141.7    0.13 |         70.9          70.7    0.15
    1.2   19080  4200 False |    19760.0     19759.0    1.00 |      19409.0       19409.0   -0.01
    1.5    7200   851 False |     7463.5      7462.7    0.83 |       7321.9        7320.8    1.02
    1.5    3600   491 False |     3743.5      3742.7    0.83 |       3661.9        3660.8    1.05
    1.5    7200   851 True |      283.5       283.3    0.17 |        141.7         141.5    0.22
    1.5   19080  4200 False |    20460.0     20459.0    1.00 |      19756.2       19759.0   -2.76
      3    7200   851 False |     7747.0      7746.3    0.67 |       7464.0        7462.7    1.31
      3    3600   491 False |     3907.0      3906.3    0.67 |       3743.6        3742.7    0.97
      3    7200   851 True |      567.0       566.7    0.33 |        283.4         283.0    0.36
      3   19080  4200 False |    21860.0     21859.0    1.00 |      20456.6       20459.0   -2.36
     10    7200   851 False |     7945.0      7944.9    0.10 |       7563.2        7561.9    1.23
     10    3600   491 False |     4021.0      4020.9    0.10 |       3800.8        3799.9    0.87
     10    7200   851 True |      765.0       765.0    0.00 |        382.6         382.0    0.52
     10   19080  4200 False |    22840.0     22839.0    1.00 |      20950.6       20949.0    1.56
   peor discrepancia RELATIVA = 0.274%  ->  VALIDADO (< 0,5 %; el resto es la discretizacion dt = 1 s)

======================================================================================================================
A1 · LOOKAHEAD DEL ATACANTE, rejilla completa (regimen, tras el bootstrap)
     adelanto = slot al que ha llegado su cadena de PoT  -  slot de la cadena canonica
     L = F (R-FIN-2/R-FIN-7: t_j = slot(I_j) + L, L = profundidad de finalidad)
======================================================================================================================

--- F = 0,34 h (F_carrera d=0) = 1224 s · I = 491 s ---
 alpha  W_dec     rho |  NUCLEO max   cerrada     media   bootstrap |   (h) max   cerrada  (h) media
  0.00     -1     0.5 |         0.0       0.0       0.0       nunca |       0.0       0.0        0.0
  0.00     -1       1 |         0.0       0.0       0.0       nunca |       0.0       0.0        0.0
  0.00     -1   1.001 |      1224.5    1224.5    1224.2    340.02 h |       0.5       0.5        0.2
  0.00     -1    1.05 |      1247.4    1247.4    1235.7      6.82 h |      23.3      23.3       11.6
  0.00     -1     1.2 |      1305.8    1305.8    1264.9      1.76 h |      81.7      81.7       40.7
  0.00     -1     1.5 |      1387.7    1387.7    1305.8      0.68 h |     163.3     163.3       81.5
  0.00     -1       3 |      1551.3    1551.3    1387.7      0.20 h |     326.7     326.7      163.0
  0.00     -1      10 |      1665.9    1665.9    1445.0      0.05 h |     441.0     441.0      220.0
  0.10     10     0.5 |         0.0       0.0       0.0       nunca |       0.0       0.0        0.0
  0.10     10       1 |         0.0       0.0       0.0       nunca |       0.0       0.0        0.0
  0.10     10   1.001 |      1213.5    1213.5    1213.2    337.02 h |       0.5       0.5        0.2
  0.10     10    1.05 |      1236.4    1236.4    1224.7      6.82 h |      23.3      23.3       11.6
  0.10     10     1.2 |      1294.8    1294.8    1253.9      1.76 h |      81.7      81.7       40.7
  0.10     10     1.5 |      1376.7    1376.7    1294.8      0.68 h |     163.3     163.3       81.5
  0.10     10       3 |      1540.3    1540.3    1376.7      0.20 h |     326.7     326.7      163.0
  0.10     10      10 |      1654.9    1654.9    1433.9      0.05 h |     441.0     441.0      220.0
  0.25     20     0.5 |         0.0       0.0       0.0       nunca |       0.0       0.0        0.0
  0.25     20       1 |         0.0       0.0       0.0       nunca |       0.0       0.0        0.0
  0.25     20   1.001 |      1203.5    1203.5    1203.2    334.29 h |       0.5       0.5        0.2
  0.25     20    1.05 |      1226.4    1226.4    1214.7      6.81 h |      23.3      23.3       11.6
  0.25     20     1.2 |      1284.8    1284.8    1243.9      1.76 h |      81.7      81.7       40.7
  0.25     20     1.5 |      1366.7    1366.7    1284.8      0.68 h |     163.3     163.3       81.5
  0.25     20       3 |      1530.3    1530.3    1366.7      0.20 h |     326.7     326.7      163.0
  0.25     20      10 |      1644.9    1644.9    1423.9      0.05 h |     441.0     441.0      220.0
  0.33     20     0.5 |         0.0       0.0       0.0       nunca |       0.0       0.0        0.0
  0.33     20       1 |         0.0       0.0       0.0       nunca |       0.0       0.0        0.0
  0.33     20   1.001 |      1203.5    1203.5    1203.2    334.29 h |       0.5       0.5        0.2
  0.33     20    1.05 |      1226.4    1226.4    1214.7      6.81 h |      23.3      23.3       11.6
  0.33     20     1.2 |      1284.8    1284.8    1243.9      1.76 h |      81.7      81.7       40.7
  0.33     20     1.5 |      1366.7    1366.7    1284.8      0.68 h |     163.3     163.3       81.5
  0.33     20       3 |      1530.3    1530.3    1366.7      0.20 h |     326.7     326.7      163.0
  0.33     20      10 |      1644.9    1644.9    1423.9      0.05 h |     441.0     441.0      220.0
  0.40     45     0.5 |         0.0       0.0       0.0       nunca |       0.0       0.0        0.0
  0.40     45       1 |         0.0       0.0       0.0       nunca |       0.0       0.0        0.0
  0.40     45   1.001 |      1178.5    1178.5    1178.2    327.33 h |       0.5       0.5        0.2
  0.40     45    1.05 |      1201.4    1201.4    1189.7      6.55 h |      23.3      23.3       11.6
  0.40     45     1.2 |      1259.8    1259.8    1218.9      1.64 h |      81.7      81.7       40.7
  0.40     45     1.5 |      1341.7    1341.7    1259.8      0.67 h |     163.3     163.3       81.5
  0.40     45       3 |      1505.3    1505.3    1341.7      0.20 h |     326.7     326.7      163.0
  0.40     45      10 |      1619.9    1619.9    1398.9      0.05 h |     441.0     441.0      220.0

--- F = 0,34 h (F_carrera d=0) = 1224 s · I = 602 s ---
 alpha  W_dec     rho |  NUCLEO max   cerrada     media   bootstrap |   (h) max   cerrada  (h) media
  0.00     -1     0.5 |         0.0       0.0       0.0       nunca |       0.0       0.0        0.0
  0.00     -1       1 |         0.0       0.0       0.0       nunca |       0.0       0.0        0.0
  0.00     -1   1.001 |      1224.6    1224.6    1224.3    340.13 h |       0.6       0.6        0.3
  0.00     -1    1.05 |      1252.7    1252.7    1238.3      6.85 h |      28.6      28.6       14.3
  0.00     -1     1.2 |      1324.3    1324.3    1274.2      1.82 h |     100.2     100.2       50.0
  0.00     -1     1.5 |      1424.7    1424.7    1324.3      0.78 h |     200.3     200.3      100.0
  0.00     -1       3 |      1625.3    1625.3    1424.7      0.22 h |     400.7     400.7      200.0
  0.00     -1      10 |      1765.8    1765.8    1494.9      0.05 h |     540.9     540.9      270.0
  0.10     10     0.5 |         0.0       0.0       0.0       nunca |       0.0       0.0        0.0
  0.10     10       1 |         0.0       0.0       0.0       nunca |       0.0       0.0        0.0
  0.10     10   1.001 |      1213.6    1213.6    1213.3    336.95 h |       0.6       0.6        0.3
  0.10     10    1.05 |      1241.7    1241.7    1227.3      6.85 h |      28.6      28.6       14.3
  0.10     10     1.2 |      1313.3    1313.3    1263.2      1.81 h |     100.2     100.2       50.0
  0.10     10     1.5 |      1413.7    1413.7    1313.3      0.78 h |     200.3     200.3      100.0
  0.10     10       3 |      1614.3    1614.3    1413.7      0.22 h |     400.7     400.7      200.0
  0.10     10      10 |      1754.8    1754.8    1483.9      0.05 h |     540.9     540.9      270.0
  0.25     20     0.5 |         0.0       0.0       0.0       nunca |       0.0       0.0        0.0
  0.25     20       1 |         0.0       0.0       0.0       nunca |       0.0       0.0        0.0
  0.25     20   1.001 |      1203.6    1203.6    1203.3    334.28 h |       0.6       0.6        0.3
  0.25     20    1.05 |      1231.7    1231.7    1217.3      6.69 h |      28.6      28.6       14.3
  0.25     20     1.2 |      1303.3    1303.3    1253.2      1.67 h |     100.2     100.2       50.0
  0.25     20     1.5 |      1403.7    1403.7    1303.3      0.67 h |     200.3     200.3      100.0
  0.25     20       3 |      1604.3    1604.3    1403.7      0.17 h |     400.7     400.7      200.0
  0.25     20      10 |      1744.8    1744.8    1473.9      0.05 h |     540.9     540.9      270.0
  0.33     20     0.5 |         0.0       0.0       0.0       nunca |       0.0       0.0        0.0
  0.33     20       1 |         0.0       0.0       0.0       nunca |       0.0       0.0        0.0
  0.33     20   1.001 |      1203.6    1203.6    1203.3    334.28 h |       0.6       0.6        0.3
  0.33     20    1.05 |      1231.7    1231.7    1217.3      6.69 h |      28.6      28.6       14.3
  0.33     20     1.2 |      1303.3    1303.3    1253.2      1.67 h |     100.2     100.2       50.0
  0.33     20     1.5 |      1403.7    1403.7    1303.3      0.67 h |     200.3     200.3      100.0
  0.33     20       3 |      1604.3    1604.3    1403.7      0.17 h |     400.7     400.7      200.0
  0.33     20      10 |      1744.8    1744.8    1473.9      0.05 h |     540.9     540.9      270.0
  0.40     45     0.5 |         0.0       0.0       0.0       nunca |       0.0       0.0        0.0
  0.40     45       1 |         0.0       0.0       0.0       nunca |       0.0       0.0        0.0
  0.40     45   1.001 |      1178.6    1178.6    1178.3    327.25 h |       0.6       0.6        0.3
  0.40     45    1.05 |      1206.7    1206.7    1192.3      6.68 h |      28.6      28.6       14.3
  0.40     45     1.2 |      1278.3    1278.3    1228.2      1.67 h |     100.2     100.2       50.0
  0.40     45     1.5 |      1378.7    1378.7    1278.3      0.66 h |     200.3     200.3      100.0
  0.40     45       3 |      1579.3    1579.3    1378.7      0.16 h |     400.7     400.7      200.0
  0.40     45      10 |      1719.8    1719.8    1448.9      0.05 h |     540.9     540.9      270.0

--- F = 0,34 h (F_carrera d=0) = 1224 s · I = 851 s ---
 alpha  W_dec     rho |  NUCLEO max   cerrada     media   bootstrap |   (h) max   cerrada  (h) media
  0.00     -1     0.5 |         0.0       0.0       0.0       nunca |       0.0       0.0        0.0
  0.00     -1       1 |         0.0       0.0       0.0       nunca |       0.0       0.0        0.0
  0.00     -1   1.001 |      1224.9    1224.9    1224.4    340.16 h |       0.8       0.8        0.4
  0.00     -1    1.05 |      1264.5    1264.5    1244.3      6.85 h |      40.5      40.5       20.2
  0.00     -1     1.2 |      1365.8    1365.8    1294.9      1.86 h |     141.7     141.7       70.7
  0.00     -1     1.5 |      1507.7    1507.7    1365.8      0.70 h |     283.3     283.3      141.5
  0.00     -1       3 |      1791.3    1791.3    1507.7      0.19 h |     566.7     566.7      283.0
  0.00     -1      10 |      1989.9    1989.9    1607.0      0.06 h |     765.0     765.0      382.0
  0.10     10     0.5 |         0.0       0.0       0.0       nunca |       0.0       0.0        0.0
  0.10     10       1 |         0.0       0.0       0.0       nunca |       0.0       0.0        0.0
  0.10     10   1.001 |      1213.9    1213.9    1213.4    337.09 h |       0.8       0.8        0.4
  0.10     10    1.05 |      1253.5    1253.5    1233.3      6.85 h |      40.5      40.5       20.2
  0.10     10     1.2 |      1354.8    1354.8    1283.9      1.86 h |     141.7     141.7       70.7
  0.10     10     1.5 |      1496.7    1496.7    1354.8      0.70 h |     283.3     283.3      141.5
  0.10     10       3 |      1780.3    1780.3    1496.7      0.19 h |     566.7     566.7      283.0
  0.10     10      10 |      1978.9    1978.9    1596.0      0.06 h |     765.0     765.0      382.0
  0.25     20     0.5 |         0.0       0.0       0.0       nunca |       0.0       0.0        0.0
  0.25     20       1 |         0.0       0.0       0.0       nunca |       0.0       0.0        0.0
  0.25     20   1.001 |      1203.9    1203.9    1203.4    334.25 h |       0.8       0.8        0.4
  0.25     20    1.05 |      1243.5    1243.5    1223.3      6.85 h |      40.5      40.5       20.2
  0.25     20     1.2 |      1344.8    1344.8    1273.9      1.85 h |     141.7     141.7       70.7
  0.25     20     1.5 |      1486.7    1486.7    1344.8      0.70 h |     283.3     283.3      141.5
  0.25     20       3 |      1770.3    1770.3    1486.7      0.19 h |     566.7     566.7      283.0
  0.25     20      10 |      1968.9    1968.9    1586.0      0.06 h |     765.0     765.0      382.0
  0.33     20     0.5 |         0.0       0.0       0.0       nunca |       0.0       0.0        0.0
  0.33     20       1 |         0.0       0.0       0.0       nunca |       0.0       0.0        0.0
  0.33     20   1.001 |      1203.9    1203.9    1203.4    334.25 h |       0.8       0.8        0.4
  0.33     20    1.05 |      1243.5    1243.5    1223.3      6.85 h |      40.5      40.5       20.2
  0.33     20     1.2 |      1344.8    1344.8    1273.9      1.85 h |     141.7     141.7       70.7
  0.33     20     1.5 |      1486.7    1486.7    1344.8      0.70 h |     283.3     283.3      141.5
  0.33     20       3 |      1770.3    1770.3    1486.7      0.19 h |     566.7     566.7      283.0
  0.33     20      10 |      1968.9    1968.9    1586.0      0.06 h |     765.0     765.0      382.0
  0.40     45     0.5 |         0.0       0.0       0.0       nunca |       0.0       0.0        0.0
  0.40     45       1 |         0.0       0.0       0.0       nunca |       0.0       0.0        0.0
  0.40     45   1.001 |      1178.9    1178.9    1178.4    327.40 h |       0.8       0.8        0.4
  0.40     45    1.05 |      1218.5    1218.5    1198.3      6.62 h |      40.5      40.5       20.2
  0.40     45     1.2 |      1319.8    1319.8    1248.9      1.65 h |     141.7     141.7       70.7
  0.40     45     1.5 |      1461.7    1461.7    1319.8      0.69 h |     283.3     283.3      141.5
  0.40     45       3 |      1745.3    1745.3    1461.7      0.19 h |     566.7     566.7      283.0
  0.40     45      10 |      1943.9    1943.9    1561.0      0.06 h |     765.0     765.0      382.0

--- F = 1 h = 3600 s · I = 491 s ---
 alpha  W_dec     rho |  NUCLEO max   cerrada     media   bootstrap |   (h) max   cerrada  (h) media
  0.00     -1     0.5 |         0.0       0.0       0.0       nunca |       0.0       0.0        0.0
  0.00     -1       1 |         0.0       0.0       0.0       nunca |       0.0       0.0        0.0
  0.00     -1   1.001 |      3600.5    3600.5    3600.2   1000.00 h |       0.5       0.5        0.2
  0.00     -1    1.05 |      3623.4    3623.4    3611.7     20.05 h |      23.3      23.3       11.6
  0.00     -1     1.2 |      3681.8    3681.8    3640.9      5.04 h |      81.7      81.7       40.7
  0.00     -1     1.5 |      3763.7    3763.7    3681.8      2.03 h |     163.3     163.3       81.5
  0.00     -1       3 |      3927.3    3927.3    3763.7      0.52 h |     326.7     326.7      163.0
  0.00     -1      10 |      4041.9    4041.9    3820.9      0.11 h |     441.0     441.0      220.0
  0.10     10     0.5 |         0.0       0.0       0.0       nunca |       0.0       0.0        0.0
  0.10     10       1 |         0.0       0.0       0.0       nunca |       0.0       0.0        0.0
  0.10     10   1.001 |      3589.5    3589.5    3589.2    997.00 h |       0.5       0.5        0.2
  0.10     10    1.05 |      3612.4    3612.4    3600.7     20.04 h |      23.3      23.3       11.6
  0.10     10     1.2 |      3670.8    3670.8    3629.9      5.04 h |      81.7      81.7       40.7
  0.10     10     1.5 |      3752.7    3752.7    3670.8      2.03 h |     163.3     163.3       81.5
  0.10     10       3 |      3916.3    3916.3    3752.7      0.51 h |     326.7     326.7      163.0
  0.10     10      10 |      4030.9    4030.9    3809.9      0.11 h |     441.0     441.0      220.0
  0.25     20     0.5 |         0.0       0.0       0.0       nunca |       0.0       0.0        0.0
  0.25     20       1 |         0.0       0.0       0.0       nunca |       0.0       0.0        0.0
  0.25     20   1.001 |      3579.5    3579.5    3579.2    994.27 h |       0.5       0.5        0.2
  0.25     20    1.05 |      3602.4    3602.4    3590.7     19.91 h |      23.3      23.3       11.6
  0.25     20     1.2 |      3660.8    3660.8    3619.9      5.03 h |      81.7      81.7       40.7
  0.25     20     1.5 |      3742.7    3742.7    3660.8      2.03 h |     163.3     163.3       81.5
  0.25     20       3 |      3906.3    3906.3    3742.7      0.51 h |     326.7     326.7      163.0
  0.25     20      10 |      4020.9    4020.9    3799.9      0.11 h |     441.0     441.0      220.0
  0.33     20     0.5 |         0.0       0.0       0.0       nunca |       0.0       0.0        0.0
  0.33     20       1 |         0.0       0.0       0.0       nunca |       0.0       0.0        0.0
  0.33     20   1.001 |      3579.5    3579.5    3579.2    994.27 h |       0.5       0.5        0.2
  0.33     20    1.05 |      3602.4    3602.4    3590.7     19.91 h |      23.3      23.3       11.6
  0.33     20     1.2 |      3660.8    3660.8    3619.9      5.03 h |      81.7      81.7       40.7
  0.33     20     1.5 |      3742.7    3742.7    3660.8      2.03 h |     163.3     163.3       81.5
  0.33     20       3 |      3906.3    3906.3    3742.7      0.51 h |     326.7     326.7      163.0
  0.33     20      10 |      4020.9    4020.9    3799.9      0.11 h |     441.0     441.0      220.0
  0.40     45     0.5 |         0.0       0.0       0.0       nunca |       0.0       0.0        0.0
  0.40     45       1 |         0.0       0.0       0.0       nunca |       0.0       0.0        0.0
  0.40     45   1.001 |      3554.5    3554.5    3554.2    987.32 h |       0.5       0.5        0.2
  0.40     45    1.05 |      3577.4    3577.4    3565.7     19.77 h |      23.3      23.3       11.6
  0.40     45     1.2 |      3635.8    3635.8    3594.9      5.03 h |      81.7      81.7       40.7
  0.40     45     1.5 |      3717.7    3717.7    3635.8      2.02 h |     163.3     163.3       81.5
  0.40     45       3 |      3881.3    3881.3    3717.7      0.51 h |     326.7     326.7      163.0
  0.40     45      10 |      3995.9    3995.9    3774.9      0.11 h |     441.0     441.0      220.0

--- F = 1 h = 3600 s · I = 602 s ---
 alpha  W_dec     rho |  NUCLEO max   cerrada     media   bootstrap |   (h) max   cerrada  (h) media
  0.00     -1     0.5 |         0.0       0.0       0.0       nunca |       0.0       0.0        0.0
  0.00     -1       1 |         0.0       0.0       0.0       nunca |       0.0       0.0        0.0
  0.00     -1   1.001 |      3600.6    3600.6    3600.3   1000.16 h |       0.6       0.6        0.3
  0.00     -1    1.05 |      3628.7    3628.7    3614.3     20.06 h |      28.6      28.6       14.3
  0.00     -1     1.2 |      3700.3    3700.3    3650.2      5.01 h |     100.2     100.2       50.0
  0.00     -1     1.5 |      3800.7    3800.7    3700.3      2.00 h |     200.3     200.3      100.0
  0.00     -1       3 |      4001.3    4001.3    3800.7      0.50 h |     400.7     400.7      200.0
  0.00     -1      10 |      4141.8    4141.8    3870.9      0.12 h |     540.9     540.9      270.0
  0.10     10     0.5 |         0.0       0.0       0.0       nunca |       0.0       0.0        0.0
  0.10     10       1 |         0.0       0.0       0.0       nunca |       0.0       0.0        0.0
  0.10     10   1.001 |      3589.6    3589.6    3589.3    996.98 h |       0.6       0.6        0.3
  0.10     10    1.05 |      3617.7    3617.7    3603.3     20.06 h |      28.6      28.6       14.3
  0.10     10     1.2 |      3689.3    3689.3    3639.2      5.01 h |     100.2     100.2       50.0
  0.10     10     1.5 |      3789.7    3789.7    3689.3      2.00 h |     200.3     200.3      100.0
  0.10     10       3 |      3990.3    3990.3    3789.7      0.50 h |     400.7     400.7      200.0
  0.10     10      10 |      4130.8    4130.8    3859.9      0.12 h |     540.9     540.9      270.0
  0.25     20     0.5 |         0.0       0.0       0.0       nunca |       0.0       0.0        0.0
  0.25     20       1 |         0.0       0.0       0.0       nunca |       0.0       0.0        0.0
  0.25     20   1.001 |      3579.6    3579.6    3579.3    994.30 h |       0.6       0.6        0.3
  0.25     20    1.05 |      3607.7    3607.7    3593.3     19.90 h |      28.6      28.6       14.3
  0.25     20     1.2 |      3679.3    3679.3    3629.2      5.01 h |     100.2     100.2       50.0
  0.25     20     1.5 |      3779.7    3779.7    3679.3      2.00 h |     200.3     200.3      100.0
  0.25     20       3 |      3980.3    3980.3    3779.7      0.50 h |     400.7     400.7      200.0
  0.25     20      10 |      4120.8    4120.8    3849.9      0.12 h |     540.9     540.9      270.0
  0.33     20     0.5 |         0.0       0.0       0.0       nunca |       0.0       0.0        0.0
  0.33     20       1 |         0.0       0.0       0.0       nunca |       0.0       0.0        0.0
  0.33     20   1.001 |      3579.6    3579.6    3579.3    994.30 h |       0.6       0.6        0.3
  0.33     20    1.05 |      3607.7    3607.7    3593.3     19.90 h |      28.6      28.6       14.3
  0.33     20     1.2 |      3679.3    3679.3    3629.2      5.01 h |     100.2     100.2       50.0
  0.33     20     1.5 |      3779.7    3779.7    3679.3      2.00 h |     200.3     200.3      100.0
  0.33     20       3 |      3980.3    3980.3    3779.7      0.50 h |     400.7     400.7      200.0
  0.33     20      10 |      4120.8    4120.8    3849.9      0.12 h |     540.9     540.9      270.0
  0.40     45     0.5 |         0.0       0.0       0.0       nunca |       0.0       0.0        0.0
  0.40     45       1 |         0.0       0.0       0.0       nunca |       0.0       0.0        0.0
  0.40     45   1.001 |      3554.6    3554.6    3554.3    987.28 h |       0.6       0.6        0.3
  0.40     45    1.05 |      3582.7    3582.7    3568.3     19.89 h |      28.6      28.6       14.3
  0.40     45     1.2 |      3654.3    3654.3    3604.2      5.00 h |     100.2     100.2       50.0
  0.40     45     1.5 |      3754.7    3754.7    3654.3      2.00 h |     200.3     200.3      100.0
  0.40     45       3 |      3955.3    3955.3    3754.7      0.50 h |     400.7     400.7      200.0
  0.40     45      10 |      4095.8    4095.8    3824.9      0.12 h |     540.9     540.9      270.0

--- F = 1 h = 3600 s · I = 851 s ---
 alpha  W_dec     rho |  NUCLEO max   cerrada     media   bootstrap |   (h) max   cerrada  (h) media
  0.00     -1     0.5 |         0.0       0.0       0.0       nunca |       0.0       0.0        0.0
  0.00     -1       1 |         0.0       0.0       0.0       nunca |       0.0       0.0        0.0
  0.00     -1   1.001 |      3600.9    3600.9    3600.4   1000.16 h |       0.8       0.8        0.4
  0.00     -1    1.05 |      3640.5    3640.5    3620.3     20.09 h |      40.5      40.5       20.2
  0.00     -1     1.2 |      3741.8    3741.8    3670.9      5.17 h |     141.7     141.7       70.7
  0.00     -1     1.5 |      3883.7    3883.7    3741.8      2.08 h |     283.3     283.3      141.5
  0.00     -1       3 |      4167.3    4167.3    3883.7      0.57 h |     566.7     566.7      283.0
  0.00     -1      10 |      4365.9    4365.9    3982.9      0.12 h |     765.0     765.0      382.0
  0.10     10     0.5 |         0.0       0.0       0.0       nunca |       0.0       0.0        0.0
  0.10     10       1 |         0.0       0.0       0.0       nunca |       0.0       0.0        0.0
  0.10     10   1.001 |      3589.9    3589.9    3589.4    997.09 h |       0.8       0.8        0.4
  0.10     10    1.05 |      3629.5    3629.5    3609.3     20.09 h |      40.5      40.5       20.2
  0.10     10     1.2 |      3730.8    3730.8    3659.9      5.16 h |     141.7     141.7       70.7
  0.10     10     1.5 |      3872.7    3872.7    3730.8      2.08 h |     283.3     283.3      141.5
  0.10     10       3 |      4156.3    4156.3    3872.7      0.57 h |     566.7     566.7      283.0
  0.10     10      10 |      4354.9    4354.9    3971.9      0.12 h |     765.0     765.0      382.0
  0.25     20     0.5 |         0.0       0.0       0.0       nunca |       0.0       0.0        0.0
  0.25     20       1 |         0.0       0.0       0.0       nunca |       0.0       0.0        0.0
  0.25     20   1.001 |      3579.9    3579.9    3579.4    994.25 h |       0.8       0.8        0.4
  0.25     20    1.05 |      3619.5    3619.5    3599.3     20.08 h |      40.5      40.5       20.2
  0.25     20     1.2 |      3720.8    3720.8    3649.9      5.16 h |     141.7     141.7       70.7
  0.25     20     1.5 |      3862.7    3862.7    3720.8      2.08 h |     283.3     283.3      141.5
  0.25     20       3 |      4146.3    4146.3    3862.7      0.57 h |     566.7     566.7      283.0
  0.25     20      10 |      4344.9    4344.9    3961.9      0.12 h |     765.0     765.0      382.0
  0.33     20     0.5 |         0.0       0.0       0.0       nunca |       0.0       0.0        0.0
  0.33     20       1 |         0.0       0.0       0.0       nunca |       0.0       0.0        0.0
  0.33     20   1.001 |      3579.9    3579.9    3579.4    994.25 h |       0.8       0.8        0.4
  0.33     20    1.05 |      3619.5    3619.5    3599.3     20.08 h |      40.5      40.5       20.2
  0.33     20     1.2 |      3720.8    3720.8    3649.9      5.16 h |     141.7     141.7       70.7
  0.33     20     1.5 |      3862.7    3862.7    3720.8      2.08 h |     283.3     283.3      141.5
  0.33     20       3 |      4146.3    4146.3    3862.7      0.57 h |     566.7     566.7      283.0
  0.33     20      10 |      4344.9    4344.9    3961.9      0.12 h |     765.0     765.0      382.0
  0.40     45     0.5 |         0.0       0.0       0.0       nunca |       0.0       0.0        0.0
  0.40     45       1 |         0.0       0.0       0.0       nunca |       0.0       0.0        0.0
  0.40     45   1.001 |      3554.9    3554.9    3554.4    987.40 h |       0.8       0.8        0.4
  0.40     45    1.05 |      3594.5    3594.5    3574.3     19.85 h |      40.5      40.5       20.2
  0.40     45     1.2 |      3695.8    3695.8    3624.9      4.96 h |     141.7     141.7       70.7
  0.40     45     1.5 |      3837.7    3837.7    3695.8      2.08 h |     283.3     283.3      141.5
  0.40     45       3 |      4121.3    4121.3    3837.7      0.57 h |     566.7     566.7      283.0
  0.40     45      10 |      4319.9    4319.9    3936.9      0.12 h |     765.0     765.0      382.0

--- F = 2 h (provisional) = 7200 s · I = 491 s ---
 alpha  W_dec     rho |  NUCLEO max   cerrada     media   bootstrap |   (h) max   cerrada  (h) media
  0.00     -1     0.5 |         0.0       0.0       0.0       nunca |       0.0       0.0        0.0
  0.00     -1       1 |         0.0       0.0       0.0       nunca |       0.0       0.0        0.0
  0.00     -1   1.001 |      7200.5    7200.5    7200.2   2000.01 h |       0.5       0.5        0.2
  0.00     -1    1.05 |      7223.4    7223.4    7211.7     40.09 h |      23.3      23.3       11.6
  0.00     -1     1.2 |      7281.8    7281.8    7240.9     10.08 h |      81.7      81.7       40.7
  0.00     -1     1.5 |      7363.7    7363.7    7281.8      4.06 h |     163.3     163.3       81.5
  0.00     -1       3 |      7527.3    7527.3    7363.7      1.03 h |     326.7     326.7      163.0
  0.00     -1      10 |      7641.9    7641.9    7420.9      0.23 h |     441.0     441.0      220.0
  0.10     10     0.5 |         0.0       0.0       0.0       nunca |       0.0       0.0        0.0
  0.10     10       1 |         0.0       0.0       0.0       nunca |       0.0       0.0        0.0
  0.10     10   1.001 |      7189.5    7189.5    7189.2   1997.01 h |       0.5       0.5        0.2
  0.10     10    1.05 |      7212.4    7212.4    7200.7     39.96 h |      23.3      23.3       11.6
  0.10     10     1.2 |      7270.8    7270.8    7229.9     10.07 h |      81.7      81.7       40.7
  0.10     10     1.5 |      7352.7    7352.7    7270.8      4.06 h |     163.3     163.3       81.5
  0.10     10       3 |      7516.3    7516.3    7352.7      1.03 h |     326.7     326.7      163.0
  0.10     10      10 |      7630.9    7630.9    7409.9      0.23 h |     441.0     441.0      220.0
  0.25     20     0.5 |         0.0       0.0       0.0       nunca |       0.0       0.0        0.0
  0.25     20       1 |         0.0       0.0       0.0       nunca |       0.0       0.0        0.0
  0.25     20   1.001 |      7179.5    7179.5    7179.2   1994.28 h |       0.5       0.5        0.2
  0.25     20    1.05 |      7202.4    7202.4    7190.7     39.96 h |      23.3      23.3       11.6
  0.25     20     1.2 |      7260.8    7260.8    7219.9     10.07 h |      81.7      81.7       40.7
  0.25     20     1.5 |      7342.7    7342.7    7260.8      4.06 h |     163.3     163.3       81.5
  0.25     20       3 |      7506.3    7506.3    7342.7      1.03 h |     326.7     326.7      163.0
  0.25     20      10 |      7620.9    7620.9    7399.9      0.23 h |     441.0     441.0      220.0
  0.33     20     0.5 |         0.0       0.0       0.0       nunca |       0.0       0.0        0.0
  0.33     20       1 |         0.0       0.0       0.0       nunca |       0.0       0.0        0.0
  0.33     20   1.001 |      7179.5    7179.5    7179.2   1994.28 h |       0.5       0.5        0.2
  0.33     20    1.05 |      7202.4    7202.4    7190.7     39.96 h |      23.3      23.3       11.6
  0.33     20     1.2 |      7260.8    7260.8    7219.9     10.07 h |      81.7      81.7       40.7
  0.33     20     1.5 |      7342.7    7342.7    7260.8      4.06 h |     163.3     163.3       81.5
  0.33     20       3 |      7506.3    7506.3    7342.7      1.03 h |     326.7     326.7      163.0
  0.33     20      10 |      7620.9    7620.9    7399.9      0.23 h |     441.0     441.0      220.0
  0.40     45     0.5 |         0.0       0.0       0.0       nunca |       0.0       0.0        0.0
  0.40     45       1 |         0.0       0.0       0.0       nunca |       0.0       0.0        0.0
  0.40     45   1.001 |      7154.5    7154.5    7154.2   1987.32 h |       0.5       0.5        0.2
  0.40     45    1.05 |      7177.4    7177.4    7165.7     39.82 h |      23.3      23.3       11.6
  0.40     45     1.2 |      7235.8    7235.8    7194.9      9.95 h |      81.7      81.7       40.7
  0.40     45     1.5 |      7317.7    7317.7    7235.8      4.05 h |     163.3     163.3       81.5
  0.40     45       3 |      7481.3    7481.3    7317.7      1.03 h |     326.7     326.7      163.0
  0.40     45      10 |      7595.9    7595.9    7374.9      0.23 h |     441.0     441.0      220.0

--- F = 2 h (provisional) = 7200 s · I = 602 s ---
 alpha  W_dec     rho |  NUCLEO max   cerrada     media   bootstrap |   (h) max   cerrada  (h) media
  0.00     -1     0.5 |         0.0       0.0       0.0       nunca |       0.0       0.0        0.0
  0.00     -1       1 |         0.0       0.0       0.0       nunca |       0.0       0.0        0.0
  0.00     -1   1.001 |      7200.6    7200.6    7200.3   2000.14 h |       0.6       0.6        0.3
  0.00     -1    1.05 |      7228.7    7228.7    7214.3     40.13 h |      28.6      28.6       14.3
  0.00     -1     1.2 |      7300.3    7300.3    7250.2     10.03 h |     100.2     100.2       50.0
  0.00     -1     1.5 |      7400.7    7400.7    7300.3      4.01 h |     200.3     200.3      100.0
  0.00     -1       3 |      7601.3    7601.3    7400.7      1.00 h |     400.7     400.7      200.0
  0.00     -1      10 |      7741.8    7741.8    7470.9      0.23 h |     540.9     540.9      270.0
  0.10     10     0.5 |         0.0       0.0       0.0       nunca |       0.0       0.0        0.0
  0.10     10       1 |         0.0       0.0       0.0       nunca |       0.0       0.0        0.0
  0.10     10   1.001 |      7189.6    7189.6    7189.3   1996.97 h |       0.6       0.6        0.3
  0.10     10    1.05 |      7217.7    7217.7    7203.3     39.96 h |      28.6      28.6       14.3
  0.10     10     1.2 |      7289.3    7289.3    7239.2     10.03 h |     100.2     100.2       50.0
  0.10     10     1.5 |      7389.7    7389.7    7289.3      4.01 h |     200.3     200.3      100.0
  0.10     10       3 |      7590.3    7590.3    7389.7      1.00 h |     400.7     400.7      200.0
  0.10     10      10 |      7730.8    7730.8    7459.9      0.23 h |     540.9     540.9      270.0
  0.25     20     0.5 |         0.0       0.0       0.0       nunca |       0.0       0.0        0.0
  0.25     20       1 |         0.0       0.0       0.0       nunca |       0.0       0.0        0.0
  0.25     20   1.001 |      7179.6    7179.6    7179.3   1994.29 h |       0.6       0.6        0.3
  0.25     20    1.05 |      7207.7    7207.7    7193.3     39.96 h |      28.6      28.6       14.3
  0.25     20     1.2 |      7279.3    7279.3    7229.2     10.02 h |     100.2     100.2       50.0
  0.25     20     1.5 |      7379.7    7379.7    7279.3      4.00 h |     200.3     200.3      100.0
  0.25     20       3 |      7580.3    7580.3    7379.7      1.00 h |     400.7     400.7      200.0
  0.25     20      10 |      7720.8    7720.8    7449.9      0.23 h |     540.9     540.9      270.0
  0.33     20     0.5 |         0.0       0.0       0.0       nunca |       0.0       0.0        0.0
  0.33     20       1 |         0.0       0.0       0.0       nunca |       0.0       0.0        0.0
  0.33     20   1.001 |      7179.6    7179.6    7179.3   1994.29 h |       0.6       0.6        0.3
  0.33     20    1.05 |      7207.7    7207.7    7193.3     39.96 h |      28.6      28.6       14.3
  0.33     20     1.2 |      7279.3    7279.3    7229.2     10.02 h |     100.2     100.2       50.0
  0.33     20     1.5 |      7379.7    7379.7    7279.3      4.00 h |     200.3     200.3      100.0
  0.33     20       3 |      7580.3    7580.3    7379.7      1.00 h |     400.7     400.7      200.0
  0.33     20      10 |      7720.8    7720.8    7449.9      0.23 h |     540.9     540.9      270.0
  0.40     45     0.5 |         0.0       0.0       0.0       nunca |       0.0       0.0        0.0
  0.40     45       1 |         0.0       0.0       0.0       nunca |       0.0       0.0        0.0
  0.40     45   1.001 |      7154.6    7154.6    7154.3   1987.27 h |       0.6       0.6        0.3
  0.40     45    1.05 |      7182.7    7182.7    7168.3     39.80 h |      28.6      28.6       14.3
  0.40     45     1.2 |      7254.3    7254.3    7204.2     10.02 h |     100.2     100.2       50.0
  0.40     45     1.5 |      7354.7    7354.7    7254.3      4.00 h |     200.3     200.3      100.0
  0.40     45       3 |      7555.3    7555.3    7354.7      1.00 h |     400.7     400.7      200.0
  0.40     45      10 |      7695.8    7695.8    7424.9      0.23 h |     540.9     540.9      270.0

--- F = 2 h (provisional) = 7200 s · I = 851 s ---
 alpha  W_dec     rho |  NUCLEO max   cerrada     media   bootstrap |   (h) max   cerrada  (h) media
  0.00     -1     0.5 |         0.0       0.0       0.0       nunca |       0.0       0.0        0.0
  0.00     -1       1 |         0.0       0.0       0.0       nunca |       0.0       0.0        0.0
  0.00     -1   1.001 |      7200.9    7200.9    7200.4   2000.09 h |       0.8       0.8        0.4
  0.00     -1    1.05 |      7240.5    7240.5    7220.3     40.18 h |      40.5      40.5       20.2
  0.00     -1     1.2 |      7341.8    7341.8    7270.9     10.14 h |     141.7     141.7       70.7
  0.00     -1     1.5 |      7483.7    7483.7    7341.8      4.01 h |     283.3     283.3      141.5
  0.00     -1       3 |      7767.3    7767.3    7483.7      1.06 h |     566.7     566.7      283.0
  0.00     -1      10 |      7965.9    7965.9    7582.9      0.22 h |     765.0     765.0      382.0
  0.10     10     0.5 |         0.0       0.0       0.0       nunca |       0.0       0.0        0.0
  0.10     10       1 |         0.0       0.0       0.0       nunca |       0.0       0.0        0.0
  0.10     10   1.001 |      7189.9    7189.9    7189.4   1997.01 h |       0.8       0.8        0.4
  0.10     10    1.05 |      7229.5    7229.5    7209.3     39.95 h |      40.5      40.5       20.2
  0.10     10     1.2 |      7330.8    7330.8    7259.9     10.13 h |     141.7     141.7       70.7
  0.10     10     1.5 |      7472.7    7472.7    7330.8      4.01 h |     283.3     283.3      141.5
  0.10     10       3 |      7756.3    7756.3    7472.7      1.06 h |     566.7     566.7      283.0
  0.10     10      10 |      7954.9    7954.9    7571.9      0.22 h |     765.0     765.0      382.0
  0.25     20     0.5 |         0.0       0.0       0.0       nunca |       0.0       0.0        0.0
  0.25     20       1 |         0.0       0.0       0.0       nunca |       0.0       0.0        0.0
  0.25     20   1.001 |      7179.9    7179.9    7179.4   1994.18 h |       0.8       0.8        0.4
  0.25     20    1.05 |      7219.5    7219.5    7199.3     39.95 h |      40.5      40.5       20.2
  0.25     20     1.2 |      7320.8    7320.8    7249.9     10.13 h |     141.7     141.7       70.7
  0.25     20     1.5 |      7462.7    7462.7    7320.8      4.01 h |     283.3     283.3      141.5
  0.25     20       3 |      7746.3    7746.3    7462.7      1.06 h |     566.7     566.7      283.0
  0.25     20      10 |      7944.9    7944.9    7561.9      0.22 h |     765.0     765.0      382.0
  0.33     20     0.5 |         0.0       0.0       0.0       nunca |       0.0       0.0        0.0
  0.33     20       1 |         0.0       0.0       0.0       nunca |       0.0       0.0        0.0
  0.33     20   1.001 |      7179.9    7179.9    7179.4   1994.18 h |       0.8       0.8        0.4
  0.33     20    1.05 |      7219.5    7219.5    7199.3     39.95 h |      40.5      40.5       20.2
  0.33     20     1.2 |      7320.8    7320.8    7249.9     10.13 h |     141.7     141.7       70.7
  0.33     20     1.5 |      7462.7    7462.7    7320.8      4.01 h |     283.3     283.3      141.5
  0.33     20       3 |      7746.3    7746.3    7462.7      1.06 h |     566.7     566.7      283.0
  0.33     20      10 |      7944.9    7944.9    7561.9      0.22 h |     765.0     765.0      382.0
  0.40     45     0.5 |         0.0       0.0       0.0       nunca |       0.0       0.0        0.0
  0.40     45       1 |         0.0       0.0       0.0       nunca |       0.0       0.0        0.0
  0.40     45   1.001 |      7154.9    7154.9    7154.4   1987.32 h |       0.8       0.8        0.4
  0.40     45    1.05 |      7194.5    7194.5    7174.3     39.94 h |      40.5      40.5       20.2
  0.40     45     1.2 |      7295.8    7295.8    7224.9     10.13 h |     141.7     141.7       70.7
  0.40     45     1.5 |      7437.7    7437.7    7295.8      4.00 h |     283.3     283.3      141.5
  0.40     45       3 |      7721.3    7721.3    7437.7      1.06 h |     566.7     566.7      283.0
  0.40     45      10 |      7919.9    7919.9    7536.9      0.22 h |     765.0     765.0      382.0

--- F = 5,3 h (publicado) = 19080 s · I = 491 s ---
 alpha  W_dec     rho |  NUCLEO max   cerrada     media   bootstrap |   (h) max   cerrada  (h) media
  0.00     -1     0.5 |         0.0       0.0       0.0       nunca |       0.0       0.0        0.0
  0.00     -1       1 |         0.0       0.0       0.0       nunca |       0.0       0.0        0.0
  0.00     -1   1.001 |     19080.5   19080.5   19080.2   5300.07 h |       0.5       0.5        0.2
  0.00     -1    1.05 |     19103.4   19103.4   19091.7    106.11 h |      23.3      23.3       11.6
  0.00     -1     1.2 |     19161.8   19161.8   19120.9     26.58 h |      81.7      81.7       40.7
  0.00     -1     1.5 |     19243.7   19243.7   19161.8     10.63 h |     163.3     163.3       81.5
  0.00     -1       3 |     19407.3   19407.3   19243.7      2.68 h |     326.7     326.7      163.0
  0.00     -1      10 |     19521.9   19521.9   19300.9      0.60 h |     441.0     441.0      220.0
  0.10     10     0.5 |         0.0       0.0       0.0       nunca |       0.0       0.0        0.0
  0.10     10       1 |         0.0       0.0       0.0       nunca |       0.0       0.0        0.0
  0.10     10   1.001 |     19069.5   19069.5   19069.2   5297.07 h |       0.5       0.5        0.2
  0.10     10    1.05 |     19092.4   19092.4   19080.7    105.97 h |      23.3      23.3       11.6
  0.10     10     1.2 |     19150.8   19150.8   19109.9     26.58 h |      81.7      81.7       40.7
  0.10     10     1.5 |     19232.7   19232.7   19150.8     10.62 h |     163.3     163.3       81.5
  0.10     10       3 |     19396.3   19396.3   19232.7      2.67 h |     326.7     326.7      163.0
  0.10     10      10 |     19510.9   19510.9   19289.9      0.60 h |     441.0     441.0      220.0
  0.25     20     0.5 |         0.0       0.0       0.0       nunca |       0.0       0.0        0.0
  0.25     20       1 |         0.0       0.0       0.0       nunca |       0.0       0.0        0.0
  0.25     20   1.001 |     19059.5   19059.5   19059.2   5294.21 h |       0.5       0.5        0.2
  0.25     20    1.05 |     19082.4   19082.4   19070.7    105.97 h |      23.3      23.3       11.6
  0.25     20     1.2 |     19140.8   19140.8   19099.9     26.57 h |      81.7      81.7       40.7
  0.25     20     1.5 |     19222.7   19222.7   19140.8     10.62 h |     163.3     163.3       81.5
  0.25     20       3 |     19386.3   19386.3   19222.7      2.67 h |     326.7     326.7      163.0
  0.25     20      10 |     19500.9   19500.9   19279.9      0.60 h |     441.0     441.0      220.0
  0.33     20     0.5 |         0.0       0.0       0.0       nunca |       0.0       0.0        0.0
  0.33     20       1 |         0.0       0.0       0.0       nunca |       0.0       0.0        0.0
  0.33     20   1.001 |     19059.5   19059.5   19059.2   5294.21 h |       0.5       0.5        0.2
  0.33     20    1.05 |     19082.4   19082.4   19070.7    105.97 h |      23.3      23.3       11.6
  0.33     20     1.2 |     19140.8   19140.8   19099.9     26.57 h |      81.7      81.7       40.7
  0.33     20     1.5 |     19222.7   19222.7   19140.8     10.62 h |     163.3     163.3       81.5
  0.33     20       3 |     19386.3   19386.3   19222.7      2.67 h |     326.7     326.7      163.0
  0.33     20      10 |     19500.9   19500.9   19279.9      0.60 h |     441.0     441.0      220.0
  0.40     45     0.5 |         0.0       0.0       0.0       nunca |       0.0       0.0        0.0
  0.40     45       1 |         0.0       0.0       0.0       nunca |       0.0       0.0        0.0
  0.40     45   1.001 |     19034.5   19034.5   19034.2   5287.25 h |       0.5       0.5        0.2
  0.40     45    1.05 |     19057.4   19057.4   19045.7    105.83 h |      23.3      23.3       11.6
  0.40     45     1.2 |     19115.8   19115.8   19074.9     26.46 h |      81.7      81.7       40.7
  0.40     45     1.5 |     19197.7   19197.7   19115.8     10.62 h |     163.3     163.3       81.5
  0.40     45       3 |     19361.3   19361.3   19197.7      2.67 h |     326.7     326.7      163.0
  0.40     45      10 |     19475.9   19475.9   19254.9      0.60 h |     441.0     441.0      220.0

--- F = 5,3 h (publicado) = 19080 s · I = 602 s ---
 alpha  W_dec     rho |  NUCLEO max   cerrada     media   bootstrap |   (h) max   cerrada  (h) media
  0.00     -1     0.5 |         0.0       0.0       0.0       nunca |       0.0       0.0        0.0
  0.00     -1       1 |         0.0       0.0       0.0       nunca |       0.0       0.0        0.0
  0.00     -1   1.001 |     19080.6   19080.6   19080.3   5300.11 h |       0.6       0.6        0.3
  0.00     -1    1.05 |     19108.7   19108.7   19094.3    106.02 h |      28.6      28.6       14.3
  0.00     -1     1.2 |     19180.3   19180.3   19130.2     26.57 h |     100.2     100.2       50.0
  0.00     -1     1.5 |     19280.7   19280.7   19180.3     10.67 h |     200.3     200.3      100.0
  0.00     -1       3 |     19481.3   19481.3   19280.7      2.66 h |     400.7     400.7      200.0
  0.00     -1      10 |     19621.8   19621.8   19350.9      0.60 h |     540.9     540.9      270.0
  0.10     10     0.5 |         0.0       0.0       0.0       nunca |       0.0       0.0        0.0
  0.10     10       1 |         0.0       0.0       0.0       nunca |       0.0       0.0        0.0
  0.10     10   1.001 |     19069.6   19069.6   19069.3   5297.10 h |       0.6       0.6        0.3
  0.10     10    1.05 |     19097.7   19097.7   19083.3    106.02 h |      28.6      28.6       14.3
  0.10     10     1.2 |     19169.3   19169.3   19119.2     26.57 h |     100.2     100.2       50.0
  0.10     10     1.5 |     19269.7   19269.7   19169.3     10.67 h |     200.3     200.3      100.0
  0.10     10       3 |     19470.3   19470.3   19269.7      2.66 h |     400.7     400.7      200.0
  0.10     10      10 |     19610.8   19610.8   19339.9      0.60 h |     540.9     540.9      270.0
  0.25     20     0.5 |         0.0       0.0       0.0       nunca |       0.0       0.0        0.0
  0.25     20       1 |         0.0       0.0       0.0       nunca |       0.0       0.0        0.0
  0.25     20   1.001 |     19059.6   19059.6   19059.3   5294.26 h |       0.6       0.6        0.3
  0.25     20    1.05 |     19087.7   19087.7   19073.3    106.01 h |      28.6      28.6       14.3
  0.25     20     1.2 |     19159.3   19159.3   19109.2     26.57 h |     100.2     100.2       50.0
  0.25     20     1.5 |     19259.7   19259.7   19159.3     10.66 h |     200.3     200.3      100.0
  0.25     20       3 |     19460.3   19460.3   19259.7      2.66 h |     400.7     400.7      200.0
  0.25     20      10 |     19600.8   19600.8   19329.9      0.60 h |     540.9     540.9      270.0
  0.33     20     0.5 |         0.0       0.0       0.0       nunca |       0.0       0.0        0.0
  0.33     20       1 |         0.0       0.0       0.0       nunca |       0.0       0.0        0.0
  0.33     20   1.001 |     19059.6   19059.6   19059.3   5294.26 h |       0.6       0.6        0.3
  0.33     20    1.05 |     19087.7   19087.7   19073.3    106.01 h |      28.6      28.6       14.3
  0.33     20     1.2 |     19159.3   19159.3   19109.2     26.57 h |     100.2     100.2       50.0
  0.33     20     1.5 |     19259.7   19259.7   19159.3     10.66 h |     200.3     200.3      100.0
  0.33     20       3 |     19460.3   19460.3   19259.7      2.66 h |     400.7     400.7      200.0
  0.33     20      10 |     19600.8   19600.8   19329.9      0.60 h |     540.9     540.9      270.0
  0.40     45     0.5 |         0.0       0.0       0.0       nunca |       0.0       0.0        0.0
  0.40     45       1 |         0.0       0.0       0.0       nunca |       0.0       0.0        0.0
  0.40     45   1.001 |     19034.6   19034.6   19034.3   5287.23 h |       0.6       0.6        0.3
  0.40     45    1.05 |     19062.7   19062.7   19048.3    105.85 h |      28.6      28.6       14.3
  0.40     45     1.2 |     19134.3   19134.3   19084.2     26.56 h |     100.2     100.2       50.0
  0.40     45     1.5 |     19234.7   19234.7   19134.3     10.66 h |     200.3     200.3      100.0
  0.40     45       3 |     19435.3   19435.3   19234.7      2.65 h |     400.7     400.7      200.0
  0.40     45      10 |     19575.8   19575.8   19304.9      0.60 h |     540.9     540.9      270.0

--- F = 5,3 h (publicado) = 19080 s · I = 851 s ---
 alpha  W_dec     rho |  NUCLEO max   cerrada     media   bootstrap |   (h) max   cerrada  (h) media
  0.00     -1     0.5 |         0.0       0.0       0.0       nunca |       0.0       0.0        0.0
  0.00     -1       1 |         0.0       0.0       0.0       nunca |       0.0       0.0        0.0
  0.00     -1   1.001 |     19080.9   19080.9   19080.4   5300.08 h |       0.8       0.8        0.4
  0.00     -1    1.05 |     19120.5   19120.5   19100.3    106.13 h |      40.5      40.5       20.2
  0.00     -1     1.2 |     19221.8   19221.8   19150.9     26.68 h |     141.7     141.7       70.7
  0.00     -1     1.5 |     19363.7   19363.7   19221.8     10.62 h |     283.3     283.3      141.5
  0.00     -1       3 |     19647.3   19647.3   19363.7      2.71 h |     566.7     566.7      283.0
  0.00     -1      10 |     19845.9   19845.9   19463.0      0.60 h |     765.0     765.0      382.0
  0.10     10     0.5 |         0.0       0.0       0.0       nunca |       0.0       0.0        0.0
  0.10     10       1 |         0.0       0.0       0.0       nunca |       0.0       0.0        0.0
  0.10     10   1.001 |     19069.9   19069.9   19069.4   5297.00 h |       0.8       0.8        0.4
  0.10     10    1.05 |     19109.5   19109.5   19089.3    106.13 h |      40.5      40.5       20.2
  0.10     10     1.2 |     19210.8   19210.8   19139.9     26.67 h |     141.7     141.7       70.7
  0.10     10     1.5 |     19352.7   19352.7   19210.8     10.62 h |     283.3     283.3      141.5
  0.10     10       3 |     19636.3   19636.3   19352.7      2.71 h |     566.7     566.7      283.0
  0.10     10      10 |     19834.9   19834.9   19452.0      0.60 h |     765.0     765.0      382.0
  0.25     20     0.5 |         0.0       0.0       0.0       nunca |       0.0       0.0        0.0
  0.25     20       1 |         0.0       0.0       0.0       nunca |       0.0       0.0        0.0
  0.25     20   1.001 |     19059.9   19059.9   19059.4   5294.40 h |       0.8       0.8        0.4
  0.25     20    1.05 |     19099.5   19099.5   19079.3    105.90 h |      40.5      40.5       20.2
  0.25     20     1.2 |     19200.8   19200.8   19129.9     26.47 h |     141.7     141.7       70.7
  0.25     20     1.5 |     19342.7   19342.7   19200.8     10.62 h |     283.3     283.3      141.5
  0.25     20       3 |     19626.3   19626.3   19342.7      2.71 h |     566.7     566.7      283.0
  0.25     20      10 |     19824.9   19824.9   19442.0      0.60 h |     765.0     765.0      382.0
  0.33     20     0.5 |         0.0       0.0       0.0       nunca |       0.0       0.0        0.0
  0.33     20       1 |         0.0       0.0       0.0       nunca |       0.0       0.0        0.0
  0.33     20   1.001 |     19059.9   19059.9   19059.4   5294.40 h |       0.8       0.8        0.4
  0.33     20    1.05 |     19099.5   19099.5   19079.3    105.90 h |      40.5      40.5       20.2
  0.33     20     1.2 |     19200.8   19200.8   19129.9     26.47 h |     141.7     141.7       70.7
  0.33     20     1.5 |     19342.7   19342.7   19200.8     10.62 h |     283.3     283.3      141.5
  0.33     20       3 |     19626.3   19626.3   19342.7      2.71 h |     566.7     566.7      283.0
  0.33     20      10 |     19824.9   19824.9   19442.0      0.60 h |     765.0     765.0      382.0
  0.40     45     0.5 |         0.0       0.0       0.0       nunca |       0.0       0.0        0.0
  0.40     45       1 |         0.0       0.0       0.0       nunca |       0.0       0.0        0.0
  0.40     45   1.001 |     19034.9   19034.9   19034.4   5287.31 h |       0.8       0.8        0.4
  0.40     45    1.05 |     19074.5   19074.5   19054.3    105.89 h |      40.5      40.5       20.2
  0.40     45     1.2 |     19175.8   19175.8   19104.9     26.47 h |     141.7     141.7       70.7
  0.40     45     1.5 |     19317.7   19317.7   19175.8     10.62 h |     283.3     283.3      141.5
  0.40     45       3 |     19601.3   19601.3   19317.7      2.71 h |     566.7     566.7      283.0
  0.40     45      10 |     19799.9   19799.9   19417.0      0.60 h |     765.0     765.0      382.0

======================================================================================================================
A1b · GRANJERO HONESTO (rho = 1): cuantos retos futuros conoce
======================================================================================================================
Bajo R-FIN-14 (b) el reto del slot s es blake3(blake3(salida(f,s)) || LE64(s)) y
`salida(f,s) = AES^N(salida(f,s-1))`: para conocer el reto de s hay que HABER CALCULADO s.
     F = 0,34 h (F_carrera d=0): nucleo = 0 slots · (h) = 0 slots
                        F = 1 h: nucleo = 0 slots · (h) = 0 slots
          F = 2 h (provisional): nucleo = 0 slots · (h) = 0 slots
          F = 5,3 h (publicado): nucleo = 0 slots · (h) = 0 slots
   R-FIN-14 (d) y el D = 4 s de Autonomys RETRASAN la publicacion; no adelantan el reto.

======================================================================================================================
A1c · EL SEMBRADOR: espacio fabricable y margen frente a A* (ronda 7 §1)
======================================================================================================================
t_plot (coste-ploteo-medido.md): {'GTX1070_medido': 69.363, 'GPU_tope_ALU': 4.28, 'GPU_tope_BW': 9.92, 'CPU32': 83.608}
A* h por escenario: {'A': 63.0, 'B': 41.0, 'C': 69.0} · con plotter 10x: {'A': 6.3, 'B': 4.1, 'C': 6.9}
alpha de referencia = 0,33 -> W_dec = 20 s

                        config   rho |  nucleo max (s)   GiB/GPU  margen A*B  margen 10x |  (h) max (s)  margen 10x (h)
    F = 0,34 h (F_carrera d=0)     1 |             0.0       0.0         inf         inf |          0.0             inf
    F = 0,34 h (F_carrera d=0)   1.5 |          1486.7     347.4       99.3x       9.93x |        283.3           52.1x
    F = 0,34 h (F_carrera d=0)     3 |          1770.3     413.6       83.4x       8.34x |        566.7           26.0x
                       F = 1 h     1 |             0.0       0.0         inf         inf |          0.0             inf
                       F = 1 h   1.5 |          3862.7     902.5       38.2x       3.82x |        283.3           52.1x
                       F = 1 h     3 |          4146.3     968.8       35.6x       3.56x |        566.7           26.0x
         F = 2 h (provisional)     1 |             0.0       0.0         inf         inf |          0.0             inf
         F = 2 h (provisional)   1.5 |          7462.7    1743.6       19.8x       1.98x |        283.3           52.1x
         F = 2 h (provisional)     3 |          7746.3    1809.9       19.1x       1.91x |        566.7           26.0x
         F = 5,3 h (publicado)     1 |             0.0       0.0         inf         inf |          0.0             inf
         F = 5,3 h (publicado)   1.5 |         19342.7    4519.3        7.6x       0.76x |        283.3           52.1x
         F = 5,3 h (publicado)     3 |         19626.3    4585.6        7.5x       0.75x |        566.7           26.0x

======================================================================================================================
A1d · RITMO DE PLOTEO frente a la ventana que le queda (coste-ploteo-medido.md)
======================================================================================================================
         GPU_tope_ALU:   4.280 s/sector de 1 GiB ->    841.1 GiB/h por unidad
          GPU_tope_BW:   9.920 s/sector de 1 GiB ->    362.9 GiB/h por unidad
       GTX1070_medido:  69.363 s/sector de 1 GiB ->     51.9 GiB/h por unidad
                CPU32:  83.608 s/sector de 1 GiB ->     43.1 GiB/h por unidad

           ventana del sembrador |  sectores probables (GPU tope ALU) |       TiB
         rho <= 1 (nucleo Y (h)) |                                0.0 |    0.0000
     1 slot: solo el reto actual |                                0.2 |    0.0002
       (h), rho = 1.5, I = 851 s |                               66.2 |    0.0646
         (h), rho = 3, I = 851 s |                              132.4 |    0.1293
      nucleo, rho = 1.5, F = 1 h |                              902.5 |    0.8813
        nucleo, rho = 3, F = 1 h |                              968.8 |    0.9461
      nucleo, rho = 1.5, F = 2 h |                             1743.6 |    1.7027
        nucleo, rho = 3, F = 2 h |                             1809.9 |    1.7675
